Case #1:
663
801
402
538
-1
-1
740
547
1049
-1
Case #2:
630
2361
3309
2222
1323
473
2243
1390
2770
2904
Case #3:
-1
1200
-1
-1
-1
812
434
-1
766
456
Case #4:
1003
294
-1
176
359
1194
-1
593
-1
-1
Case #5:
-1
-1
-1
-1
2
-1
-1
-1
-1
10
Case #6:
384
176
47
255
262
381
262
437
194
252
Case #7:
530
1323
259
640
-1
547
-1
-1
-1
837
Case #8:
3305
3522
1525
1259
636
772
226
1896
1764
4225
Case #9:
160
163
363
301
64
703
495
301
652
492
Case #10:
1487
927
614
650
850
681
518
852
509
544
Case #11:
113
-1
915
184
504
927
479
656
368
751
Case #12:
710
-1
628
-1
-1
391
-1
775
770
-1
Case #13:
302
-1
-1
-1
-1
-1
245
-1
-1
-1
Case #14:
-1
-1
-1
-1
-1
-1
-1
-1
-1
-1
Case #15:
782
580
675
166
312
1020
404
486
405
191
Case #16:
-1
404
128
614
499
1109
1047
457
452
258
Case #17:
-1
990
90
471
820
-1
905
-1
685
598
Case #18:
153
224
603
1078
949
506
1060
573
248
1643
Case #19:
486
657
296
599
744
716
655
985
151
110
Case #20:
-1
-1
1072
1079
-1
1114
-1
-1
-1
-1
Case #21:
444
-1
-1
195
346
734
-1
-1
491
-1
Case #22:
1143
652
421
1107
450
1000
683
919
247
601
Case #23:
964
151
441
490
-1
364
698
1035
591
767
Case #24:
783
998
441
744
459
465
390
812
224
561
Case #25:
874
355
787
5
1554
309
242
1172
-1
423
Case #26:
727
547
277
499
776
621
329
-1
95
377
Case #27:
6
Case #28:
-1
552
821
884
-1
407
1103
599
135
-1
Case #29:
-1
-1
-1
10
11
-1
-1
-1
-1
4
Case #30:
1088
1108
1547
2212
477
1066
1507
1551
798
1356
Case #31:
-1
198
-1
-1
586
572
401
593
172
592
Case #32:
-1
319
259
429
588
-1
-1
1728
750
-1
Case #33:
2216
1046
3127
821
2267
2766
2905
1264
1276
3186
Case #34:
2984
574
163
2526
1718
756
853
2832
2197
1401
Case #35:
216
710
617
983
30
1113
1116
348
376
857
Case #36:
979
-1
1038
302
251
472
1348
-1
-1
-1
Case #37:
195
1153
675
542
-1
-1
754
704
-1
495
Case #38:
190
796
787
-1
1167
-1
-1
850
-1
886
Case #39:
-1
-1
686
-1
-1
1221
261
728
505
819
Case #40:
4
Case #41:
155
556
530
895
493
969
1152
561
1273
-1
Case #42:
730
622
36
756
552
-1
-1
970
-1
633
Case #43:
352
229
484
873
640
354
318
51
279
766
Case #44:
716
82
-1
-1
-1
554
507
-1
-1
1309
Case #45:
135
161
255
353
284
485
485
255
132
378
Case #46:
257
136
121
183
227
291
442
342
213
304
Case #47:
986
252
518
538
419
821
721
1641
455
1683
Case #48:
5
Case #49:
5
Case #50:
6
Case #51:
802
1283
1437
853
-1
439
383
1469
123
-1
Case #52:
506
750
1395
691
798
847
396
622
864
999
Case #53:
3325
698
284
4047
2492
1129
75
3958
3475
1579
Case #54:
-1
-1
-1
13
-1
-1
-1
-1
-1
13
Case #55:
88
496
-1
788
840
669
156
277
1620
1159
Case #56:
156
848
1448
315
271
651
621
623
308
198
Case #57:
762
724
908
51
117
556
-1
-1
687
749
Case #58:
-1
324
222
337
434
-1
147
604
-1
-1
Case #59:
2
-1
-1
3
2
-1
3
-1
-1
20
Case #60:
926
1418
1436
809
1111
994
142
271
1100
181
Case #61:
-1
660
64
-1
261
315
-1
881
322
260
Case #62:
714
685
-1
1319
155
-1
728
423
601
1287
Case #63:
473
93
647
-1
-1
911
96
660
1067
487
Case #64:
428
511
189
361
224
208
360
478
201
534
Case #65:
-1
-1
372
-1
571
858
-1
-1
-1
602
Case #66:
525
-1
-1
-1
-1
377
-1
-1
-1
83
Case #67:
936
593
1047
373
1416
666
-1
769
-1
422
Case #68:
-1
756
-1
216
780
504
-1
597
-1
-1
Case #69:
-1
271
-1
-1
272
699
351
1221
385
851
Case #70:
102
-1
-1
317
1001
1595
971
-1
47
307
