100 1830
69 69
69 88
69 70
69 63
69 66
69 67
69 7
69 0
69 23
69 27
69 28
69 29
69 36
42 42
42 71
42 73
42 89
42 79
42 53
42 82
42 58
42 6
42 45
42 2
42 10
42 15
42 21
42 25
42 30
42 35
99 99
99 44
99 88
99 63
99 67
99 7
99 93
99 21
99 28
99 29
99 36
71 42
71 71
71 41
71 73
71 48
71 89
71 77
71 79
71 80
71 53
71 82
71 60
71 6
71 64
71 45
71 72
71 10
71 54
71 26
71 30
1 1
1 73
1 47
1 48
1 89
1 79
1 58
1 87
1 98
1 13
1 14
1 20
41 71
41 41
41 75
41 48
41 77
41 80
41 53
41 55
41 85
41 60
41 6
41 62
41 64
41 45
41 68
41 72
41 83
41 9
41 74
41 11
41 13
41 54
41 26
41 30
41 31
41 3
41 39
44 99
44 44
44 88
44 80
44 84
44 6
44 63
44 64
44 67
44 7
44 93
44 10
44 18
44 19
44 21
88 69
88 99
88 44
88 88
88 70
88 63
88 66
88 67
88 7
88 93
88 0
88 19
88 21
88 23
88 27
88 28
88 29
88 36
73 42
73 71
73 1
73 73
73 48
73 89
73 79
73 53
73 82
73 58
73 60
73 6
73 87
73 45
73 98
73 2
73 10
73 14
73 15
73 20
73 25
73 30
46 46
46 75
46 55
46 85
46 81
46 61
46 62
46 91
46 65
46 83
46 74
46 11
46 56
46 17
46 52
46 57
46 31
46 3
46 32
46 86
46 16
46 37
46 38
46 59
47 1
47 47
47 48
47 78
47 87
47 98
47 13
47 14
47 50
47 20
47 76
75 41
75 46
75 75
75 77
75 80
75 55
75 85
75 61
75 62
75 64
75 65
75 68
75 72
75 83
75 9
75 74
75 18
75 94
75 22
75 54
75 26
75 31
75 3
75 32
75 96
75 38
75 39
48 71
48 1
48 41
48 73
48 47
48 48
48 89
48 77
48 79
48 53
48 60
48 6
48 62
48 87
48 45
48 98
48 9
48 11
48 13
48 14
48 50
48 54
48 26
48 76
48 30
49 49
49 51
49 81
49 4
49 8
49 52
49 57
49 86
49 33
49 34
49 59
70 69
70 88
70 70
70 63
70 66
70 67
70 12
70 0
70 23
70 27
70 28
70 36
78 47
78 78
78 51
78 4
78 8
78 13
78 50
78 76
78 33
89 42
89 71
89 1
89 73
89 48
89 89
89 79
89 53
89 82
89 58
89 60
89 6
89 87
89 45
89 98
89 2
89 10
89 14
89 15
89 20
89 25
89 30
77 71
77 41
77 75
77 48
77 77
77 80
77 53
77 55
77 85
77 60
77 6
77 62
77 64
77 45
77 68
77 72
77 83
77 9
77 74
77 11
77 13
77 50
77 54
77 26
77 76
77 30
77 31
77 3
77 32
77 39
79 42
79 71
79 1
79 73
79 48
79 89
79 79
79 53
79 82
79 58
79 60
79 6
79 87
79 45
79 98
79 2
79 10
79 14
79 15
79 20
79 25
79 95
79 30
80 71
80 41
80 44
80 75
80 77
80 80
80 53
80 84
80 60
80 6
80 64
80 45
80 68
80 72
80 83
80 9
80 18
80 19
80 22
80 54
80 26
80 30
80 39
51 49
51 78
51 51
51 62
51 4
51 8
51 74
51 11
51 50
51 52
51 57
51 76
51 32
51 86
51 33
51 34
51 59
53 42
53 71
53 41
53 73
53 48
53 89
53 77
53 79
53 80
53 53
53 82
53 60
53 6
53 87
53 45
53 98
53 2
53 10
53 14
53 15
53 54
53 26
53 30
82 42
82 71
82 73
82 89
82 79
82 53
82 82
82 60
82 6
82 45
82 2
82 10
82 15
82 21
82 25
82 30
82 35
55 41
55 46
55 75
55 77
55 55
55 85
55 60
55 61
55 62
55 91
55 64
55 45
55 68
55 72
55 83
55 9
55 74
55 11
55 13
55 17
55 50
55 22
55 54
55 26
55 76
55 30
55 31
55 3
55 32
55 39
43 43
43 90
43 5
43 24
84 44
84 80
84 84
84 64
84 66
84 67
84 68
84 72
84 97
84 5
84 12
84 18
84 19
84 22
84 24
84 27
84 96
84 39
84 40
90 43
90 90
90 5
90 24
85 41
85 46
85 75
85 77
85 55
85 85
85 61
85 62
85 91
85 64
85 65
85 68
85 72
85 83
85 9
85 74
85 11
85 17
85 94
85 22
85 54
85 26
85 31
85 3
85 32
85 96
85 37
85 38
85 39
58 42
58 1
58 73
58 89
58 79
58 58
58 87
58 92
58 98
58 2
58 14
58 15
58 20
58 25
58 95
58 35
81 46
81 49
81 81
81 61
81 62
81 91
81 4
81 74
81 56
81 17
81 52
81 57
81 3
81 32
81 86
81 33
81 34
81 37
81 59
60 71
60 41
60 73
60 48
60 89
60 77
60 79
60 80
60 53
60 82
60 55
60 60
60 6
60 62
60 64
60 45
60 72
60 98
60 9
60 11
60 13
60 14
60 54
60 26
60 76
60 30
60 3
60 39
61 46
61 75
61 55
61 85
61 81
61 61
61 62
61 91
61 65
61 83
61 9
61 74
61 11
61 56
61 17
61 94
61 22
61 54
61 52
61 26
61 57
61 31
61 3
61 32
61 16
61 37
61 38
6 42
6 71
6 41
6 44
6 73
6 48
6 89
6 77
6 79
6 80
6 53
6 82
6 60
6 6
6 64
6 45
6 68
6 72
6 9
6 18
6 19
6 54
6 26
6 30
6 39
62 41
62 46
62 75
62 48
62 77
62 51
62 55
62 85
62 81
62 60
62 61
62 62
62 83
62 4
62 9
62 74
62 11
62 13
62 17
62 50
62 54
62 26
62 57
62 76
62 31
62 3
62 32
62 86
62 59
91 46
91 55
91 85
91 81
91 61
91 91
91 65
91 74
91 56
91 17
91 52
91 57
91 31
91 3
91 32
91 86
91 16
91 37
91 38
91 59
63 69
63 99
63 44
63 88
63 70
63 63
63 66
63 67
63 7
63 93
63 0
63 19
63 21
63 23
63 27
63 28
63 29
63 36
64 71
64 41
64 44
64 75
64 77
64 80
64 55
64 84
64 85
64 60
64 6
64 64
64 45
64 68
64 72
64 83
64 9
64 18
64 19
64 94
64 22
64 54
64 26
64 30
64 31
64 39
65 46
65 75
65 85
65 61
65 91
65 65
65 5
65 56
65 17
65 94
65 22
65 31
65 16
65 96
65 37
65 38
66 69
66 88
66 70
66 84
66 63
66 66
66 67
66 12
66 0
66 27
66 28
66 36
66 40
87 1
87 73
87 47
87 48
87 89
87 79
87 53
87 58
87 87
87 92
87 98
87 2
87 14
87 15
87 20
87 95
67 69
67 99
67 44
67 88
67 70
67 84
67 63
67 66
67 67
67 7
67 12
67 19
67 27
67 28
67 29
67 36
45 42
45 71
45 41
45 73
45 48
45 89
45 77
45 79
45 80
45 53
45 82
45 55
45 60
45 6
45 64
45 45
45 68
45 72
45 9
45 18
45 54
45 26
45 30
45 39
68 41
68 75
68 77
68 80
68 55
68 84
68 85
68 6
68 64
68 45
68 68
68 72
68 83
68 9
68 18
68 94
68 22
68 54
68 26
68 30
68 31
68 3
68 96
68 39
92 58
92 87
92 92
92 2
92 15
92 25
92 95
92 35
72 71
72 41
72 75
72 77
72 80
72 55
72 84
72 85
72 60
72 6
72 64
72 45
72 68
72 72
72 83
72 9
72 18
72 19
72 94
72 22
72 54
72 26
72 30
72 31
72 96
72 39
97 84
97 97
97 5
97 12
97 24
97 40
98 1
98 73
98 47
98 48
98 89
98 79
98 53
98 58
98 60
98 87
98 98
98 2
98 13
98 14
98 20
98 30
83 41
83 46
83 75
83 77
83 80
83 55
83 85
83 61
83 62
83 64
83 68
83 72
83 83
83 9
83 74
83 11
83 18
83 94
83 22
83 54
83 26
83 31
83 3
83 32
83 96
83 39
4 49
4 78
4 51
4 81
4 62
4 4
4 8
4 74
4 11
4 17
4 50
4 52
4 57
4 76
4 3
4 32
4 86
4 33
4 34
4 59
5 43
5 84
5 90
5 65
5 97
5 5
5 94
5 22
5 24
5 96
5 40
2 42
2 73
2 89
2 79
2 53
2 82
2 58
2 87
2 92
2 98
2 2
2 10
2 14
2 15
2 20
2 25
2 95
2 35
7 69
7 99
7 44
7 88
7 63
7 67
7 7
7 93
7 21
7 28
7 29
7 36
8 49
8 78
8 51
8 4
8 8
8 52
8 57
8 86
8 33
8 34
8 59
9 41
9 75
9 48
9 77
9 80
9 55
9 85
9 60
9 61
9 6
9 62
9 64
9 45
9 68
9 72
9 83
9 9
9 74
9 11
9 18
9 94
9 22
9 54
9 26
9 30
9 31
9 3
9 32
9 39
93 99
93 44
93 88
93 63
93 7
93 93
93 10
93 21
93 29
93 36
10 42
10 71
10 44
10 73
10 89
10 79
10 53
10 82
10 2
10 93
10 10
10 15
10 21
10 25
10 35
74 41
74 46
74 75
74 77
74 51
74 55
74 85
74 81
74 61
74 62
74 91
74 83
74 4
74 9
74 74
74 11
74 13
74 17
74 50
74 54
74 52
74 26
74 57
74 76
74 31
74 3
74 32
74 86
74 33
74 37
74 59
11 41
11 46
11 48
11 77
11 51
11 55
11 85
11 60
11 61
11 62
11 83
11 4
11 9
11 74
11 11
11 13
11 50
11 54
11 26
11 57
11 76
11 3
11 32
11 86
11 33
11 59
12 70
12 84
12 66
12 67
12 97
12 12
12 27
12 28
12 40
13 1
13 41
13 47
13 48
13 78
13 77
13 55
13 60
13 62
13 98
13 74
13 11
13 13
13 14
13 50
13 54
13 76
13 30
13 3
14 1
14 73
14 47
14 48
14 89
14 79
14 53
14 58
14 60
14 87
14 98
14 2
14 13
14 14
14 15
14 20
14 95
15 42
15 73
15 89
15 79
15 53
15 82
15 58
15 87
15 92
15 2
15 10
15 14
15 15
15 25
15 95
15 35
56 46
56 81
56 61
56 91
56 65
56 56
56 17
56 94
56 31
56 16
56 37
56 38
0 69
0 88
0 70
0 63
0 66
0 0
0 23
0 27
0 28
0 36
17 46
17 55
17 85
17 81
17 61
17 62
17 91
17 65
17 4
17 74
17 56
17 17
17 52
17 57
17 3
17 32
17 86
17 34
17 16
17 37
17 38
17 59
18 44
18 75
18 80
18 84
18 6
18 64
18 45
18 68
18 72
18 83
18 9
18 18
18 19
18 22
18 26
18 39
18 40
19 44
19 88
19 80
19 84
19 6
19 63
19 64
19 67
19 72
19 18
19 19
19 39
50 47
50 48
50 78
50 77
50 51
50 55
50 62
50 4
50 74
50 11
50 13
50 50
50 54
50 57
50 76
50 3
50 32
50 86
50 33
50 59
20 1
20 73
20 47
20 89
20 79
20 58
20 87
20 98
20 2
20 14
20 20
20 95
21 42
21 99
21 44
21 88
21 82
21 63
21 7
21 93
21 10
21 21
21 25
21 29
21 35
94 75
94 85
94 61
94 64
94 65
94 68
94 72
94 83
94 5
94 9
94 56
94 94
94 22
94 24
94 26
94 31
94 16
94 96
94 38
94 39
22 75
22 80
22 55
22 84
22 85
22 61
22 64
22 65
22 68
22 72
22 83
22 5
22 9
22 18
22 94
22 22
22 24
22 54
22 26
22 31
22 96
22 38
22 39
22 40
23 69
23 88
23 70
23 63
23 0
23 23
23 28
23 36
24 43
24 84
24 90
24 97
24 5
24 94
24 22
24 24
24 96
24 40
54 71
54 41
54 75
54 48
54 77
54 80
54 53
54 55
54 85
54 60
54 61
54 6
54 62
54 64
54 45
54 68
54 72
54 83
54 9
54 74
54 11
54 13
54 50
54 22
54 54
54 26
54 76
54 30
54 31
54 3
54 32
54 39
25 42
25 73
25 89
25 79
25 82
25 58
25 92
25 2
25 10
25 15
25 21
25 25
25 95
25 35
52 46
52 49
52 51
52 81
52 61
52 91
52 4
52 8
52 74
52 17
52 52
52 57
52 32
52 86
52 33
52 34
52 37
52 59
26 71
26 41
26 75
26 48
26 77
26 80
26 53
26 55
26 85
26 60
26 61
26 6
26 62
26 64
26 45
26 68
26 72
26 83
26 9
26 74
26 11
26 18
26 94
26 22
26 54
26 26
26 30
26 31
26 3
26 32
26 39
57 46
57 49
57 51
57 81
57 61
57 62
57 91
57 4
57 8
57 74
57 11
57 17
57 50
57 52
57 57
57 76
57 3
57 32
57 86
57 33
57 34
57 37
57 59
27 69
27 88
27 70
27 84
27 63
27 66
27 67
27 12
27 0
27 27
27 28
27 36
27 40
28 69
28 99
28 88
28 70
28 63
28 66
28 67
28 7
28 12
28 0
28 23
28 27
28 28
28 29
28 36
29 69
29 99
29 88
29 63
29 67
29 7
29 93
29 21
29 28
29 29
29 36
76 47
76 48
76 78
76 77
76 51
76 55
76 60
76 62
76 4
76 74
76 11
76 13
76 50
76 54
76 57
76 76
76 3
76 32
76 33
76 59
95 79
95 58
95 87
95 92
95 2
95 14
95 15
95 20
95 25
95 95
30 42
30 71
30 41
30 73
30 48
30 89
30 77
30 79
30 80
30 53
30 82
30 55
30 60
30 6
30 64
30 45
30 68
30 72
30 98
30 9
30 13
30 54
30 26
30 30
30 39
31 41
31 46
31 75
31 77
31 55
31 85
31 61
31 62
31 91
31 64
31 65
31 68
31 72
31 83
31 9
31 74
31 56
31 94
31 22
31 54
31 26
31 31
31 3
31 32
31 96
31 38
31 39
3 41
3 46
3 75
3 77
3 55
3 85
3 81
3 60
3 61
3 62
3 91
3 68
3 83
3 4
3 9
3 74
3 11
3 13
3 17
3 50
3 54
3 26
3 57
3 76
3 31
3 3
3 32
3 86
3 37
3 39
32 46
32 75
32 77
32 51
32 55
32 85
32 81
32 61
32 62
32 91
32 83
32 4
32 9
32 74
32 11
32 17
32 50
32 54
32 52
32 26
32 57
32 76
32 31
32 3
32 32
32 86
32 33
32 37
32 59
86 46
86 49
86 51
86 81
86 62
86 91
86 4
86 8
86 74
86 11
86 17
86 50
86 52
86 57
86 3
86 32
86 86
86 33
86 34
86 37
86 59
33 49
33 78
33 51
33 81
33 4
33 8
33 74
33 11
33 50
33 52
33 57
33 76
33 32
33 86
33 33
33 34
33 59
34 49
34 51
34 81
34 4
34 8
34 17
34 52
34 57
34 86
34 33
34 34
34 59
35 42
35 82
35 58
35 92
35 2
35 10
35 15
35 21
35 25
35 35
16 46
16 61
16 91
16 65
16 56
16 17
16 94
16 16
16 96
16 37
16 38
96 75
96 84
96 85
96 65
96 68
96 72
96 83
96 5
96 94
96 22
96 24
96 31
96 16
96 96
96 38
96 39
96 40
36 69
36 99
36 88
36 70
36 63
36 66
36 67
36 7
36 93
36 0
36 23
36 27
36 28
36 29
36 36
37 46
37 85
37 81
37 61
37 91
37 65
37 74
37 56
37 17
37 52
37 57
37 3
37 32
37 86
37 16
37 37
37 38
37 59
38 46
38 75
38 85
38 61
38 91
38 65
38 56
38 17
38 94
38 22
38 31
38 16
38 96
38 37
38 38
59 46
59 49
59 51
59 81
59 62
59 91
59 4
59 8
59 74
59 11
59 17
59 50
59 52
59 57
59 76
59 32
59 86
59 33
59 34
59 37
59 59
39 41
39 75
39 77
39 80
39 55
39 84
39 85
39 60
39 6
39 64
39 45
39 68
39 72
39 83
39 9
39 18
39 19
39 94
39 22
39 54
39 26
39 30
39 31
39 3
39 96
39 39
40 84
40 66
40 97
40 5
40 12
40 18
40 22
40 24
40 27
40 96
40 40
