100
0 0 0 0 1 1 1 0 1 0
4
0 1 0 0 0 0 0 0 0 0
147741
0 0 0 0 1 0 0 1 0 0
29776
0 0 0 1 1 0 1 1 1 0
704069
0 0 0 0 0 0 0 0 1 0
625152
0 1 0 1 1 0 1 0 0 1
119436
1 0 0 1 0 1 0 1 0 0
55555
1 1 0 1 0 0 0 1 1 0
77131
0 0 0 0 0 1 0 1 1 0
5
0 0 1 0 0 0 0 0 0 1
992992
0 0 0 0 0 1 0 0 0 0
305525
0 0 0 0 0 1 1 0 0 0
339990
0 0 0 0 1 0 1 0 0 0
6444
1 1 0 0 0 0 0 1 1 0
8
0 1 0 1 0 1 0 0 0 0
45
1 0 1 0 0 1 0 0 0 0
25
0 0 1 0 0 0 0 0 0 0
195536
1 0 0 0 0 1 1 1 1 1
60887
0 0 1 0 0 0 0 0 1 0
658256
0 0 0 0 0 1 0 0 0 0
275
0 0 0 0 0 0 0 1 1 0
888
0 0 1 1 0 0 0 0 1 0
3822
0 1 0 1 0 1 0 1 0 0
777195
1 1 0 0 0 0 0 0 0 0
11011
0 0 1 0 0 1 0 0 1 0
806946
0 0 0 0 1 0 0 0 0 0
704
0 1 1 0 0 1 1 1 0 1
566121
0 1 0 0 1 0 1 0 1 1
646
0 0 1 0 0 0 0 0 0 0
214896
0 0 1 0 0 0 1 1 0 0
7
0 0 0 1 0 0 0 0 0 0
33
0 1 0 1 1 1 0 0 0 0
3
1 0 0 1 0 0 0 0 0 1
33990
0 1 0 0 0 0 1 0 0 0
1616
0 1 0 0 0 0 0 0 0 1
9111
1 0 0 0 1 0 0 1 0 0
4470
0 0 1 0 0 0 0 0 0 1
29929
1 0 1 1 0 1 1 1 1 1
535688
1 1 1 0 0 0 0 0 0 0
1
0 0 0 0 0 0 0 0 0 1
88209
0 0 0 1 0 0 0 0 0 0
989901
1 0 0 0 0 1 1 0 1 0
6
1 0 1 0 0 0 1 0 1 0
8288
1 1 1 1 0 0 1 0 1 0
787513
0 0 0 0 1 0 0 0 0 0
312576
1 1 0 0 0 0 0 0 1 1
89090
1 0 0 0 0 0 1 0 0 1
960
1 0 0 0 0 1 0 0 0 1
550
1 0 0 0 0 1 0 0 0 1
595509
1 0 0 0 1 1 0 0 0 0
500040
0 0 0 1 0 0 0 0 0 0
296703
0 0 0 1 1 1 1 0 1 0
354884
1 0 0 1 0 0 0 0 1 0
304000
0 0 1 1 1 0 0 1 0 0
7272
0 0 0 1 0 0 1 1 0 0
65934
1 0 1 0 0 0 0 1 0 1
22099
0 0 0 0 0 1 0 1 0 0
42889
0 0 1 1 1 1 0 0 0 0
707470
0 0 1 1 0 1 1 0 0 0
222765
0 0 1 1 1 0 1 1 1 1
362389
0 0 1 0 0 0 0 0 0 0
10648
0 0 1 0 0 0 0 0 1 0
828888
0 0 1 1 0 1 0 1 1 1
77257
1 0 0 0 0 0 0 1 1 1
99998
1 1 0 0 0 0 0 0 0 1
9010
0 0 0 0 1 0 0 1 0 1
9
1 1 0 0 1 1 0 0 0 0
1000000
0 1 0 0 0 1 0 0 0 0
15115
0 1 1 0 1 1 1 1 1 1
99595
0 0 1 1 1 0 0 0 1 0
2
1 0 1 0 1 0 1 1 1 1
27076
0 0 1 0 0 0 0 0 0 0
888888
1 0 0 1 1 1 0 1 1 0
53744
1 1 0 0 0 0 0 0 0 0
101010
1 0 0 1 1 0 1 0 1 0
46403
1 0 1 1 1 0 1 0 1 1
729152
0 0 0 0 0 1 1 1 1 0
5778
1 1 1 0 0 1 0 0 0 0
505202
1 1 1 1 1 0 1 1 0 0
647203
1 0 1 1 1 1 1 1 1 1
4355
1 0 0 1 1 0 1 0 0 0
664660
0 0 0 0 0 0 0 1 0 0
3773
0 0 1 0 1 0 0 0 0 0
715712
0 0 0 0 0 0 0 0 0 1
8019
0 0 0 0 0 1 0 1 0 0
775755
0 1 0 0 0 0 0 0 0 0
147741
0 0 0 1 1 0 0 0 1 0
3484
0 1 1 1 0 1 0 1 0 0
52271
0 0 0 1 1 0 0 0 0 0
43443
1 1 1 1 0 0 0 0 0 0
559363
0 0 0 0 1 0 0 0 0 0
113664
0 0 0 0 0 0 0 0 0 0
803692
1 0 0 0 0 0 1 0 1 1
949020
0 0 0 0 0 1 0 0 0 0
55555
0 0 0 0 0 1 0 0 1 1
4784
1 1 1 1 1 0 0 1 1 0
279361
0 0 1 0 1 0 1 1 1 0
478824
0 0 0 0 0 0 1 0 0 0
443556
0 0 0 0 0 0 1 0 0 0
39996
1 0 1 1 0 0 1 1 0 1
76776
