0,1 : 1
0,2 : 2
0,3 : 3
0,4 : 4
0,5 : 2
0,6 : 0
1,2 : 1
1,3 : 2
1,4 : 3
1,5 : 1
1,6 : 2
2,3 : 1
2,4 : 2
2,5 : 0
2,6 : 1
3,4 : 1
3,5 : 2
3,6 : 3
4,5 : 1
4,6 : 2
5,6 : 1
Case #1: 0
0,1 : 1
0,2 : 2
0,3 : 3
0,4 : 4
0,5 : 2
0,6 : 3
0,7 : 4
0,8 : 5
0,9 : 6
0,10 : 7
0,11 : 8
0,12 : 9
0,13 : 7
0,14 : 8
0,15 : 6
0,16 : 7
0,17 : 5
0,18 : 6
0,19 : 4
0,20 : 5
0,21 : 3
0,22 : 4
0,23 : 2
0,24 : 3
0,25 : 1
0,26 : 2
0,27 : 0
0,28 : 1
0,29 : 2
0,30 : 3
0,31 : 1
0,32 : 2
0,33 : 3
0,34 : 4
0,35 : 2
0,36 : 3
0,37 : 1
0,38 : 2
0,39 : 3
0,40 : 4
0,41 : 5
0,42 : 3
0,43 : 4
0,44 : 5
0,45 : 6
0,46 : 7
0,47 : 8
0,48 : 9
0,49 : 10
0,50 : 8
0,51 : 6
0,52 : 7
0,53 : 8
0,54 : 9
0,55 : 10
0,56 : 8
0,57 : 6
0,58 : 7
0,59 : 5
0,60 : 3
0,61 : 4
0,62 : 5
0,63 : 3
0,64 : 4
0,65 : 5
0,66 : 6
0,67 : 7
0,68 : 5
0,69 : 6
0,70 : 7
0,71 : 8
0,72 : 9
0,73 : 7
0,74 : 8
0,75 : 9
0,76 : 10
0,77 : 11
0,78 : 12
0,79 : 13
0,80 : 11
0,81 : 12
0,82 : 13
0,83 : 14
0,84 : 15
0,85 : 16
0,86 : 14
0,87 : 15
0,88 : 13
0,89 : 14
0,90 : 12
0,91 : 10
0,92 : 11
0,93 : 9
0,94 : 10
0,95 : 8
0,96 : 9
0,97 : 7
0,98 : 5
0,99 : 3
0,100 : 1
1,2 : 1
1,3 : 2
1,4 : 3
1,5 : 1
1,6 : 2
1,7 : 3
1,8 : 4
1,9 : 5
1,10 : 6
1,11 : 7
1,12 : 8
1,13 : 6
1,14 : 7
1,15 : 5
1,16 : 6
1,17 : 4
1,18 : 5
1,19 : 3
1,20 : 4
1,21 : 2
1,22 : 3
1,23 : 1
1,24 : 2
1,25 : 0
1,26 : 1
1,27 : 2
1,28 : 3
1,29 : 4
1,30 : 5
1,31 : 3
1,32 : 4
1,33 : 5
1,34 : 6
1,35 : 4
1,36 : 5
1,37 : 3
1,38 : 4
1,39 : 5
1,40 : 6
1,41 : 7
1,42 : 5
1,43 : 6
1,44 : 7
1,45 : 8
1,46 : 9
1,47 : 10
1,48 : 11
1,49 : 12
1,50 : 10
1,51 : 8
1,52 : 9
1,53 : 10
1,54 : 11
1,55 : 12
1,56 : 10
1,57 : 8
1,58 : 9
1,59 : 7
1,60 : 5
1,61 : 6
1,62 : 7
1,63 : 5
1,64 : 6
1,65 : 7
1,66 : 8
1,67 : 9
1,68 : 7
1,69 : 8
1,70 : 9
1,71 : 10
1,72 : 11
1,73 : 9
1,74 : 10
1,75 : 11
1,76 : 12
1,77 : 13
1,78 : 14
1,79 : 15
1,80 : 13
1,81 : 14
1,82 : 15
1,83 : 16
1,84 : 17
1,85 : 18
1,86 : 16
1,87 : 17
1,88 : 15
1,89 : 16
1,90 : 14
1,91 : 12
1,92 : 13
1,93 : 11
1,94 : 12
1,95 : 10
1,96 : 11
1,97 : 9
1,98 : 7
1,99 : 5
1,100 : 3
2,3 : 1
2,4 : 2
2,5 : 0
2,6 : 1
2,7 : 2
2,8 : 3
2,9 : 4
2,10 : 5
2,11 : 6
2,12 : 7
2,13 : 5
2,14 : 6
2,15 : 4
2,16 : 5
2,17 : 3
2,18 : 4
2,19 : 2
2,20 : 3
2,21 : 1
2,22 : 2
2,23 : 0
2,24 : 1
2,25 : 2
2,26 : 3
2,27 : 4
2,28 : 5
2,29 : 6
2,30 : 7
2,31 : 5
2,32 : 6
2,33 : 7
2,34 : 8
2,35 : 6
2,36 : 7
2,37 : 5
2,38 : 6
2,39 : 7
2,40 : 8
2,41 : 9
2,42 : 7
2,43 : 8
2,44 : 9
2,45 : 10
2,46 : 11
2,47 : 12
2,48 : 13
2,49 : 14
2,50 : 12
2,51 : 10
2,52 : 11
2,53 : 12
2,54 : 13
2,55 : 14
2,56 : 12
2,57 : 10
2,58 : 11
2,59 : 9
2,60 : 7
2,61 : 8
2,62 : 9
2,63 : 7
2,64 : 8
2,65 : 9
2,66 : 10
2,67 : 11
2,68 : 9
2,69 : 10
2,70 : 11
2,71 : 12
2,72 : 13
2,73 : 11
2,74 : 12
2,75 : 13
2,76 : 14
2,77 : 15
2,78 : 16
2,79 : 17
2,80 : 15
2,81 : 16
2,82 : 17
2,83 : 18
2,84 : 19
2,85 : 20
2,86 : 18
2,87 : 19
2,88 : 17
2,89 : 18
2,90 : 16
2,91 : 14
2,92 : 15
2,93 : 13
2,94 : 14
2,95 : 12
2,96 : 13
2,97 : 11
2,98 : 9
2,99 : 7
2,100 : 5
3,4 : 1
3,5 : 2
3,6 : 3
3,7 : 4
3,8 : 5
3,9 : 6
3,10 : 7
3,11 : 8
3,12 : 9
3,13 : 7
3,14 : 8
3,15 : 6
3,16 : 7
3,17 : 5
3,18 : 6
3,19 : 4
3,20 : 5
3,21 : 3
3,22 : 4
3,23 : 2
3,24 : 3
3,25 : 4
3,26 : 5
3,27 : 6
3,28 : 7
3,29 : 8
3,30 : 9
3,31 : 7
3,32 : 8
3,33 : 9
3,34 : 10
3,35 : 8
3,36 : 9
3,37 : 7
3,38 : 8
3,39 : 9
3,40 : 10
3,41 : 11
3,42 : 9
3,43 : 10
3,44 : 11
3,45 : 12
3,46 : 13
3,47 : 14
3,48 : 15
3,49 : 16
3,50 : 14
3,51 : 12
3,52 : 13
3,53 : 14
3,54 : 15
3,55 : 16
3,56 : 14
3,57 : 12
3,58 : 13
3,59 : 11
3,60 : 9
3,61 : 10
3,62 : 11
3,63 : 9
3,64 : 10
3,65 : 11
3,66 : 12
3,67 : 13
3,68 : 11
3,69 : 12
3,70 : 13
3,71 : 14
3,72 : 15
3,73 : 13
3,74 : 14
3,75 : 15
3,76 : 16
3,77 : 17
3,78 : 18
3,79 : 19
3,80 : 17
3,81 : 18
3,82 : 19
3,83 : 20
3,84 : 21
3,85 : 22
3,86 : 20
3,87 : 21
3,88 : 19
3,89 : 20
3,90 : 18
3,91 : 16
3,92 : 17
3,93 : 15
3,94 : 16
3,95 : 14
3,96 : 15
3,97 : 13
3,98 : 11
3,99 : 9
3,100 : 7
4,5 : 1
4,6 : 2
4,7 : 3
4,8 : 4
4,9 : 5
4,10 : 6
4,11 : 7
4,12 : 8
4,13 : 6
4,14 : 7
4,15 : 5
4,16 : 6
4,17 : 4
4,18 : 5
4,19 : 3
4,20 : 4
4,21 : 2
4,22 : 3
4,23 : 1
4,24 : 2
4,25 : 3
4,26 : 4
4,27 : 5
4,28 : 6
4,29 : 7
4,30 : 8
4,31 : 6
4,32 : 7
4,33 : 8
4,34 : 9
4,35 : 7
4,36 : 8
4,37 : 6
4,38 : 7
4,39 : 8
4,40 : 9
4,41 : 10
4,42 : 8
4,43 : 9
4,44 : 10
4,45 : 11
4,46 : 12
4,47 : 13
4,48 : 14
4,49 : 15
4,50 : 13
4,51 : 11
4,52 : 12
4,53 : 13
4,54 : 14
4,55 : 15
4,56 : 13
4,57 : 11
4,58 : 12
4,59 : 10
4,60 : 8
4,61 : 9
4,62 : 10
4,63 : 8
4,64 : 9
4,65 : 10
4,66 : 11
4,67 : 12
4,68 : 10
4,69 : 11
4,70 : 12
4,71 : 13
4,72 : 14
4,73 : 12
4,74 : 13
4,75 : 14
4,76 : 15
4,77 : 16
4,78 : 17
4,79 : 18
4,80 : 16
4,81 : 17
4,82 : 18
4,83 : 19
4,84 : 20
4,85 : 21
4,86 : 19
4,87 : 20
4,88 : 18
4,89 : 19
4,90 : 17
4,91 : 15
4,92 : 16
4,93 : 14
4,94 : 15
4,95 : 13
4,96 : 14
4,97 : 12
4,98 : 10
4,99 : 8
4,100 : 6
5,6 : 1
5,7 : 2
5,8 : 3
5,9 : 4
5,10 : 5
5,11 : 6
5,12 : 7
5,13 : 5
5,14 : 6
5,15 : 4
5,16 : 5
5,17 : 3
5,18 : 4
5,19 : 2
5,20 : 3
5,21 : 1
5,22 : 2
5,23 : 0
5,24 : 1
5,25 : 2
5,26 : 3
5,27 : 4
5,28 : 5
5,29 : 6
5,30 : 7
5,31 : 5
5,32 : 6
5,33 : 7
5,34 : 8
5,35 : 6
5,36 : 7
5,37 : 5
5,38 : 6
5,39 : 7
5,40 : 8
5,41 : 9
5,42 : 7
5,43 : 8
5,44 : 9
5,45 : 10
5,46 : 11
5,47 : 12
5,48 : 13
5,49 : 14
5,50 : 12
5,51 : 10
5,52 : 11
5,53 : 12
5,54 : 13
5,55 : 14
5,56 : 12
5,57 : 10
5,58 : 11
5,59 : 9
5,60 : 7
5,61 : 8
5,62 : 9
5,63 : 7
5,64 : 8
5,65 : 9
5,66 : 10
5,67 : 11
5,68 : 9
5,69 : 10
5,70 : 11
5,71 : 12
5,72 : 13
5,73 : 11
5,74 : 12
5,75 : 13
5,76 : 14
5,77 : 15
5,78 : 16
5,79 : 17
5,80 : 15
5,81 : 16
5,82 : 17
5,83 : 18
5,84 : 19
5,85 : 20
5,86 : 18
5,87 : 19
5,88 : 17
5,89 : 18
5,90 : 16
5,91 : 14
5,92 : 15
5,93 : 13
5,94 : 14
5,95 : 12
5,96 : 13
5,97 : 11
5,98 : 9
5,99 : 7
5,100 : 5
6,7 : 1
6,8 : 2
6,9 : 3
6,10 : 4
6,11 : 5
6,12 : 6
6,13 : 4
6,14 : 5
6,15 : 3
6,16 : 4
6,17 : 2
6,18 : 3
6,19 : 1
6,20 : 2
6,21 : 0
6,22 : 1
6,23 : 2
6,24 : 3
6,25 : 4
6,26 : 5
6,27 : 6
6,28 : 7
6,29 : 8
6,30 : 9
6,31 : 7
6,32 : 8
6,33 : 9
6,34 : 10
6,35 : 8
6,36 : 9
6,37 : 7
6,38 : 8
6,39 : 9
6,40 : 10
6,41 : 11
6,42 : 9
6,43 : 10
6,44 : 11
6,45 : 12
6,46 : 13
6,47 : 14
6,48 : 15
6,49 : 16
6,50 : 14
6,51 : 12
6,52 : 13
6,53 : 14
6,54 : 15
6,55 : 16
6,56 : 14
6,57 : 12
6,58 : 13
6,59 : 11
6,60 : 9
6,61 : 10
6,62 : 11
6,63 : 9
6,64 : 10
6,65 : 11
6,66 : 12
6,67 : 13
6,68 : 11
6,69 : 12
6,70 : 13
6,71 : 14
6,72 : 15
6,73 : 13
6,74 : 14
6,75 : 15
6,76 : 16
6,77 : 17
6,78 : 18
6,79 : 19
6,80 : 17
6,81 : 18
6,82 : 19
6,83 : 20
6,84 : 21
6,85 : 22
6,86 : 20
6,87 : 21
6,88 : 19
6,89 : 20
6,90 : 18
6,91 : 16
6,92 : 17
6,93 : 15
6,94 : 16
6,95 : 14
6,96 : 15
6,97 : 13
6,98 : 11
6,99 : 9
6,100 : 7
7,8 : 1
7,9 : 2
7,10 : 3
7,11 : 4
7,12 : 5
7,13 : 3
7,14 : 4
7,15 : 2
7,16 : 3
7,17 : 1
7,18 : 2
7,19 : 0
7,20 : 1
7,21 : 2
7,22 : 3
7,23 : 4
7,24 : 5
7,25 : 6
7,26 : 7
7,27 : 8
7,28 : 9
7,29 : 10
7,30 : 11
7,31 : 9
7,32 : 10
7,33 : 11
7,34 : 12
7,35 : 10
7,36 : 11
7,37 : 9
7,38 : 10
7,39 : 11
7,40 : 12
7,41 : 13
7,42 : 11
7,43 : 12
7,44 : 13
7,45 : 14
7,46 : 15
7,47 : 16
7,48 : 17
7,49 : 18
7,50 : 16
7,51 : 14
7,52 : 15
7,53 : 16
7,54 : 17
7,55 : 18
7,56 : 16
7,57 : 14
7,58 : 15
7,59 : 13
7,60 : 11
7,61 : 12
7,62 : 13
7,63 : 11
7,64 : 12
7,65 : 13
7,66 : 14
7,67 : 15
7,68 : 13
7,69 : 14
7,70 : 15
7,71 : 16
7,72 : 17
7,73 : 15
7,74 : 16
7,75 : 17
7,76 : 18
7,77 : 19
7,78 : 20
7,79 : 21
7,80 : 19
7,81 : 20
7,82 : 21
7,83 : 22
7,84 : 23
7,85 : 24
7,86 : 22
7,87 : 23
7,88 : 21
7,89 : 22
7,90 : 20
7,91 : 18
7,92 : 19
7,93 : 17
7,94 : 18
7,95 : 16
7,96 : 17
7,97 : 15
7,98 : 13
7,99 : 11
7,100 : 9
8,9 : 1
8,10 : 2
8,11 : 3
8,12 : 4
8,13 : 2
8,14 : 3
8,15 : 1
8,16 : 2
8,17 : 0
8,18 : 1
8,19 : 2
8,20 : 3
8,21 : 4
8,22 : 5
8,23 : 6
8,24 : 7
8,25 : 8
8,26 : 9
8,27 : 10
8,28 : 11
8,29 : 12
8,30 : 13
8,31 : 11
8,32 : 12
8,33 : 13
8,34 : 14
8,35 : 12
8,36 : 13
8,37 : 11
8,38 : 12
8,39 : 13
8,40 : 14
8,41 : 15
8,42 : 13
8,43 : 14
8,44 : 15
8,45 : 16
8,46 : 17
8,47 : 18
8,48 : 19
8,49 : 20
8,50 : 18
8,51 : 16
8,52 : 17
8,53 : 18
8,54 : 19
8,55 : 20
8,56 : 18
8,57 : 16
8,58 : 17
8,59 : 15
8,60 : 13
8,61 : 14
8,62 : 15
8,63 : 13
8,64 : 14
8,65 : 15
8,66 : 16
8,67 : 17
8,68 : 15
8,69 : 16
8,70 : 17
8,71 : 18
8,72 : 19
8,73 : 17
8,74 : 18
8,75 : 19
8,76 : 20
8,77 : 21
8,78 : 22
8,79 : 23
8,80 : 21
8,81 : 22
8,82 : 23
8,83 : 24
8,84 : 25
8,85 : 26
8,86 : 24
8,87 : 25
8,88 : 23
8,89 : 24
8,90 : 22
8,91 : 20
8,92 : 21
8,93 : 19
8,94 : 20
8,95 : 18
8,96 : 19
8,97 : 17
8,98 : 15
8,99 : 13
8,100 : 11
9,10 : 1
9,11 : 2
9,12 : 3
9,13 : 1
9,14 : 2
9,15 : 0
9,16 : 1
9,17 : 2
9,18 : 3
9,19 : 4
9,20 : 5
9,21 : 6
9,22 : 7
9,23 : 8
9,24 : 9
9,25 : 10
9,26 : 11
9,27 : 12
9,28 : 13
9,29 : 14
9,30 : 15
9,31 : 13
9,32 : 14
9,33 : 15
9,34 : 16
9,35 : 14
9,36 : 15
9,37 : 13
9,38 : 14
9,39 : 15
9,40 : 16
9,41 : 17
9,42 : 15
9,43 : 16
9,44 : 17
9,45 : 18
9,46 : 19
9,47 : 20
9,48 : 21
9,49 : 22
9,50 : 20
9,51 : 18
9,52 : 19
9,53 : 20
9,54 : 21
9,55 : 22
9,56 : 20
9,57 : 18
9,58 : 19
9,59 : 17
9,60 : 15
9,61 : 16
9,62 : 17
9,63 : 15
9,64 : 16
9,65 : 17
9,66 : 18
9,67 : 19
9,68 : 17
9,69 : 18
9,70 : 19
9,71 : 20
9,72 : 21
9,73 : 19
9,74 : 20
9,75 : 21
9,76 : 22
9,77 : 23
9,78 : 24
9,79 : 25
9,80 : 23
9,81 : 24
9,82 : 25
9,83 : 26
9,84 : 27
9,85 : 28
9,86 : 26
9,87 : 27
9,88 : 25
9,89 : 26
9,90 : 24
9,91 : 22
9,92 : 23
9,93 : 21
9,94 : 22
9,95 : 20
9,96 : 21
9,97 : 19
9,98 : 17
9,99 : 15
9,100 : 13
10,11 : 1
10,12 : 2
10,13 : 0
10,14 : 1
10,15 : 2
10,16 : 3
10,17 : 4
10,18 : 5
10,19 : 6
10,20 : 7
10,21 : 8
10,22 : 9
10,23 : 10
10,24 : 11
10,25 : 12
10,26 : 13
10,27 : 14
10,28 : 15
10,29 : 16
10,30 : 17
10,31 : 15
10,32 : 16
10,33 : 17
10,34 : 18
10,35 : 16
10,36 : 17
10,37 : 15
10,38 : 16
10,39 : 17
10,40 : 18
10,41 : 19
10,42 : 17
10,43 : 18
10,44 : 19
10,45 : 20
10,46 : 21
10,47 : 22
10,48 : 23
10,49 : 24
10,50 : 22
10,51 : 20
10,52 : 21
10,53 : 22
10,54 : 23
10,55 : 24
10,56 : 22
10,57 : 20
10,58 : 21
10,59 : 19
10,60 : 17
10,61 : 18
10,62 : 19
10,63 : 17
10,64 : 18
10,65 : 19
10,66 : 20
10,67 : 21
10,68 : 19
10,69 : 20
10,70 : 21
10,71 : 22
10,72 : 23
10,73 : 21
10,74 : 22
10,75 : 23
10,76 : 24
10,77 : 25
10,78 : 26
10,79 : 27
10,80 : 25
10,81 : 26
10,82 : 27
10,83 : 28
10,84 : 29
10,85 : 30
10,86 : 28
10,87 : 29
10,88 : 27
10,89 : 28
10,90 : 26
10,91 : 24
10,92 : 25
10,93 : 23
10,94 : 24
10,95 : 22
10,96 : 23
10,97 : 21
10,98 : 19
10,99 : 17
10,100 : 15
11,12 : 1
11,13 : 2
11,14 : 3
11,15 : 4
11,16 : 5
11,17 : 6
11,18 : 7
11,19 : 8
11,20 : 9
11,21 : 10
11,22 : 11
11,23 : 12
11,24 : 13
11,25 : 14
11,26 : 15
11,27 : 16
11,28 : 17
11,29 : 18
11,30 : 19
11,31 : 17
11,32 : 18
11,33 : 19
11,34 : 20
11,35 : 18
11,36 : 19
11,37 : 17
11,38 : 18
11,39 : 19
11,40 : 20
11,41 : 21
11,42 : 19
11,43 : 20
11,44 : 21
11,45 : 22
11,46 : 23
11,47 : 24
11,48 : 25
11,49 : 26
11,50 : 24
11,51 : 22
11,52 : 23
11,53 : 24
11,54 : 25
11,55 : 26
11,56 : 24
11,57 : 22
11,58 : 23
11,59 : 21
11,60 : 19
11,61 : 20
11,62 : 21
11,63 : 19
11,64 : 20
11,65 : 21
11,66 : 22
11,67 : 23
11,68 : 21
11,69 : 22
11,70 : 23
11,71 : 24
11,72 : 25
11,73 : 23
11,74 : 24
11,75 : 25
11,76 : 26
11,77 : 27
11,78 : 28
11,79 : 29
11,80 : 27
11,81 : 28
11,82 : 29
11,83 : 30
11,84 : 31
11,85 : 32
11,86 : 30
11,87 : 31
11,88 : 29
11,89 : 30
11,90 : 28
11,91 : 26
11,92 : 27
11,93 : 25
11,94 : 26
11,95 : 24
11,96 : 25
11,97 : 23
11,98 : 21
11,99 : 19
11,100 : 17
12,13 : 1
12,14 : 2
12,15 : 3
12,16 : 4
12,17 : 5
12,18 : 6
12,19 : 7
12,20 : 8
12,21 : 9
12,22 : 10
12,23 : 11
12,24 : 12
12,25 : 13
12,26 : 14
12,27 : 15
12,28 : 16
12,29 : 17
12,30 : 18
12,31 : 16
12,32 : 17
12,33 : 18
12,34 : 19
12,35 : 17
12,36 : 18
12,37 : 16
12,38 : 17
12,39 : 18
12,40 : 19
12,41 : 20
12,42 : 18
12,43 : 19
12,44 : 20
12,45 : 21
12,46 : 22
12,47 : 23
12,48 : 24
12,49 : 25
12,50 : 23
12,51 : 21
12,52 : 22
12,53 : 23
12,54 : 24
12,55 : 25
12,56 : 23
12,57 : 21
12,58 : 22
12,59 : 20
12,60 : 18
12,61 : 19
12,62 : 20
12,63 : 18
12,64 : 19
12,65 : 20
12,66 : 21
12,67 : 22
12,68 : 20
12,69 : 21
12,70 : 22
12,71 : 23
12,72 : 24
12,73 : 22
12,74 : 23
12,75 : 24
12,76 : 25
12,77 : 26
12,78 : 27
12,79 : 28
12,80 : 26
12,81 : 27
12,82 : 28
12,83 : 29
12,84 : 30
12,85 : 31
12,86 : 29
12,87 : 30
12,88 : 28
12,89 : 29
12,90 : 27
12,91 : 25
12,92 : 26
12,93 : 24
12,94 : 25
12,95 : 23
12,96 : 24
12,97 : 22
12,98 : 20
12,99 : 18
12,100 : 16
13,14 : 1
13,15 : 2
13,16 : 3
13,17 : 4
13,18 : 5
13,19 : 6
13,20 : 7
13,21 : 8
13,22 : 9
13,23 : 10
13,24 : 11
13,25 : 12
13,26 : 13
13,27 : 14
13,28 : 15
13,29 : 16
13,30 : 17
13,31 : 15
13,32 : 16
13,33 : 17
13,34 : 18
13,35 : 16
13,36 : 17
13,37 : 15
13,38 : 16
13,39 : 17
13,40 : 18
13,41 : 19
13,42 : 17
13,43 : 18
13,44 : 19
13,45 : 20
13,46 : 21
13,47 : 22
13,48 : 23
13,49 : 24
13,50 : 22
13,51 : 20
13,52 : 21
13,53 : 22
13,54 : 23
13,55 : 24
13,56 : 22
13,57 : 20
13,58 : 21
13,59 : 19
13,60 : 17
13,61 : 18
13,62 : 19
13,63 : 17
13,64 : 18
13,65 : 19
13,66 : 20
13,67 : 21
13,68 : 19
13,69 : 20
13,70 : 21
13,71 : 22
13,72 : 23
13,73 : 21
13,74 : 22
13,75 : 23
13,76 : 24
13,77 : 25
13,78 : 26
13,79 : 27
13,80 : 25
13,81 : 26
13,82 : 27
13,83 : 28
13,84 : 29
13,85 : 30
13,86 : 28
13,87 : 29
13,88 : 27
13,89 : 28
13,90 : 26
13,91 : 24
13,92 : 25
13,93 : 23
13,94 : 24
13,95 : 22
13,96 : 23
13,97 : 21
13,98 : 19
13,99 : 17
13,100 : 15
14,15 : 1
14,16 : 2
14,17 : 3
14,18 : 4
14,19 : 5
14,20 : 6
14,21 : 7
14,22 : 8
14,23 : 9
14,24 : 10
14,25 : 11
14,26 : 12
14,27 : 13
14,28 : 14
14,29 : 15
14,30 : 16
14,31 : 14
14,32 : 15
14,33 : 16
14,34 : 17
14,35 : 15
14,36 : 16
14,37 : 14
14,38 : 15
14,39 : 16
14,40 : 17
14,41 : 18
14,42 : 16
14,43 : 17
14,44 : 18
14,45 : 19
14,46 : 20
14,47 : 21
14,48 : 22
14,49 : 23
14,50 : 21
14,51 : 19
14,52 : 20
14,53 : 21
14,54 : 22
14,55 : 23
14,56 : 21
14,57 : 19
14,58 : 20
14,59 : 18
14,60 : 16
14,61 : 17
14,62 : 18
14,63 : 16
14,64 : 17
14,65 : 18
14,66 : 19
14,67 : 20
14,68 : 18
14,69 : 19
14,70 : 20
14,71 : 21
14,72 : 22
14,73 : 20
14,74 : 21
14,75 : 22
14,76 : 23
14,77 : 24
14,78 : 25
14,79 : 26
14,80 : 24
14,81 : 25
14,82 : 26
14,83 : 27
14,84 : 28
14,85 : 29
14,86 : 27
14,87 : 28
14,88 : 26
14,89 : 27
14,90 : 25
14,91 : 23
14,92 : 24
14,93 : 22
14,94 : 23
14,95 : 21
14,96 : 22
14,97 : 20
14,98 : 18
14,99 : 16
14,100 : 14
15,16 : 1
15,17 : 2
15,18 : 3
15,19 : 4
15,20 : 5
15,21 : 6
15,22 : 7
15,23 : 8
15,24 : 9
15,25 : 10
15,26 : 11
15,27 : 12
15,28 : 13
15,29 : 14
15,30 : 15
15,31 : 13
15,32 : 14
15,33 : 15
15,34 : 16
15,35 : 14
15,36 : 15
15,37 : 13
15,38 : 14
15,39 : 15
15,40 : 16
15,41 : 17
15,42 : 15
15,43 : 16
15,44 : 17
15,45 : 18
15,46 : 19
15,47 : 20
15,48 : 21
15,49 : 22
15,50 : 20
15,51 : 18
15,52 : 19
15,53 : 20
15,54 : 21
15,55 : 22
15,56 : 20
15,57 : 18
15,58 : 19
15,59 : 17
15,60 : 15
15,61 : 16
15,62 : 17
15,63 : 15
15,64 : 16
15,65 : 17
15,66 : 18
15,67 : 19
15,68 : 17
15,69 : 18
15,70 : 19
15,71 : 20
15,72 : 21
15,73 : 19
15,74 : 20
15,75 : 21
15,76 : 22
15,77 : 23
15,78 : 24
15,79 : 25
15,80 : 23
15,81 : 24
15,82 : 25
15,83 : 26
15,84 : 27
15,85 : 28
15,86 : 26
15,87 : 27
15,88 : 25
15,89 : 26
15,90 : 24
15,91 : 22
15,92 : 23
15,93 : 21
15,94 : 22
15,95 : 20
15,96 : 21
15,97 : 19
15,98 : 17
15,99 : 15
15,100 : 13
16,17 : 1
16,18 : 2
16,19 : 3
16,20 : 4
16,21 : 5
16,22 : 6
16,23 : 7
16,24 : 8
16,25 : 9
16,26 : 10
16,27 : 11
16,28 : 12
16,29 : 13
16,30 : 14
16,31 : 12
16,32 : 13
16,33 : 14
16,34 : 15
16,35 : 13
16,36 : 14
16,37 : 12
16,38 : 13
16,39 : 14
16,40 : 15
16,41 : 16
16,42 : 14
16,43 : 15
16,44 : 16
16,45 : 17
16,46 : 18
16,47 : 19
16,48 : 20
16,49 : 21
16,50 : 19
16,51 : 17
16,52 : 18
16,53 : 19
16,54 : 20
16,55 : 21
16,56 : 19
16,57 : 17
16,58 : 18
16,59 : 16
16,60 : 14
16,61 : 15
16,62 : 16
16,63 : 14
16,64 : 15
16,65 : 16
16,66 : 17
16,67 : 18
16,68 : 16
16,69 : 17
16,70 : 18
16,71 : 19
16,72 : 20
16,73 : 18
16,74 : 19
16,75 : 20
16,76 : 21
16,77 : 22
16,78 : 23
16,79 : 24
16,80 : 22
16,81 : 23
16,82 : 24
16,83 : 25
16,84 : 26
16,85 : 27
16,86 : 25
16,87 : 26
16,88 : 24
16,89 : 25
16,90 : 23
16,91 : 21
16,92 : 22
16,93 : 20
16,94 : 21
16,95 : 19
16,96 : 20
16,97 : 18
16,98 : 16
16,99 : 14
16,100 : 12
17,18 : 1
17,19 : 2
17,20 : 3
17,21 : 4
17,22 : 5
17,23 : 6
17,24 : 7
17,25 : 8
17,26 : 9
17,27 : 10
17,28 : 11
17,29 : 12
17,30 : 13
17,31 : 11
17,32 : 12
17,33 : 13
17,34 : 14
17,35 : 12
17,36 : 13
17,37 : 11
17,38 : 12
17,39 : 13
17,40 : 14
17,41 : 15
17,42 : 13
17,43 : 14
17,44 : 15
17,45 : 16
17,46 : 17
17,47 : 18
17,48 : 19
17,49 : 20
17,50 : 18
17,51 : 16
17,52 : 17
17,53 : 18
17,54 : 19
17,55 : 20
17,56 : 18
17,57 : 16
17,58 : 17
17,59 : 15
17,60 : 13
17,61 : 14
17,62 : 15
17,63 : 13
17,64 : 14
17,65 : 15
17,66 : 16
17,67 : 17
17,68 : 15
17,69 : 16
17,70 : 17
17,71 : 18
17,72 : 19
17,73 : 17
17,74 : 18
17,75 : 19
17,76 : 20
17,77 : 21
17,78 : 22
17,79 : 23
17,80 : 21
17,81 : 22
17,82 : 23
17,83 : 24
17,84 : 25
17,85 : 26
17,86 : 24
17,87 : 25
17,88 : 23
17,89 : 24
17,90 : 22
17,91 : 20
17,92 : 21
17,93 : 19
17,94 : 20
17,95 : 18
17,96 : 19
17,97 : 17
17,98 : 15
17,99 : 13
17,100 : 11
18,19 : 1
18,20 : 2
18,21 : 3
18,22 : 4
18,23 : 5
18,24 : 6
18,25 : 7
18,26 : 8
18,27 : 9
18,28 : 10
18,29 : 11
18,30 : 12
18,31 : 10
18,32 : 11
18,33 : 12
18,34 : 13
18,35 : 11
18,36 : 12
18,37 : 10
18,38 : 11
18,39 : 12
18,40 : 13
18,41 : 14
18,42 : 12
18,43 : 13
18,44 : 14
18,45 : 15
18,46 : 16
18,47 : 17
18,48 : 18
18,49 : 19
18,50 : 17
18,51 : 15
18,52 : 16
18,53 : 17
18,54 : 18
18,55 : 19
18,56 : 17
18,57 : 15
18,58 : 16
18,59 : 14
18,60 : 12
18,61 : 13
18,62 : 14
18,63 : 12
18,64 : 13
18,65 : 14
18,66 : 15
18,67 : 16
18,68 : 14
18,69 : 15
18,70 : 16
18,71 : 17
18,72 : 18
18,73 : 16
18,74 : 17
18,75 : 18
18,76 : 19
18,77 : 20
18,78 : 21
18,79 : 22
18,80 : 20
18,81 : 21
18,82 : 22
18,83 : 23
18,84 : 24
18,85 : 25
18,86 : 23
18,87 : 24
18,88 : 22
18,89 : 23
18,90 : 21
18,91 : 19
18,92 : 20
18,93 : 18
18,94 : 19
18,95 : 17
18,96 : 18
18,97 : 16
18,98 : 14
18,99 : 12
18,100 : 10
19,20 : 1
19,21 : 2
19,22 : 3
19,23 : 4
19,24 : 5
19,25 : 6
19,26 : 7
19,27 : 8
19,28 : 9
19,29 : 10
19,30 : 11
19,31 : 9
19,32 : 10
19,33 : 11
19,34 : 12
19,35 : 10
19,36 : 11
19,37 : 9
19,38 : 10
19,39 : 11
19,40 : 12
19,41 : 13
19,42 : 11
19,43 : 12
19,44 : 13
19,45 : 14
19,46 : 15
19,47 : 16
19,48 : 17
19,49 : 18
19,50 : 16
19,51 : 14
19,52 : 15
19,53 : 16
19,54 : 17
19,55 : 18
19,56 : 16
19,57 : 14
19,58 : 15
19,59 : 13
19,60 : 11
19,61 : 12
19,62 : 13
19,63 : 11
19,64 : 12
19,65 : 13
19,66 : 14
19,67 : 15
19,68 : 13
19,69 : 14
19,70 : 15
19,71 : 16
19,72 : 17
19,73 : 15
19,74 : 16
19,75 : 17
19,76 : 18
19,77 : 19
19,78 : 20
19,79 : 21
19,80 : 19
19,81 : 20
19,82 : 21
19,83 : 22
19,84 : 23
19,85 : 24
19,86 : 22
19,87 : 23
19,88 : 21
19,89 : 22
19,90 : 20
19,91 : 18
19,92 : 19
19,93 : 17
19,94 : 18
19,95 : 16
19,96 : 17
19,97 : 15
19,98 : 13
19,99 : 11
19,100 : 9
20,21 : 1
20,22 : 2
20,23 : 3
20,24 : 4
20,25 : 5
20,26 : 6
20,27 : 7
20,28 : 8
20,29 : 9
20,30 : 10
20,31 : 8
20,32 : 9
20,33 : 10
20,34 : 11
20,35 : 9
20,36 : 10
20,37 : 8
20,38 : 9
20,39 : 10
20,40 : 11
20,41 : 12
20,42 : 10
20,43 : 11
20,44 : 12
20,45 : 13
20,46 : 14
20,47 : 15
20,48 : 16
20,49 : 17
20,50 : 15
20,51 : 13
20,52 : 14
20,53 : 15
20,54 : 16
20,55 : 17
20,56 : 15
20,57 : 13
20,58 : 14
20,59 : 12
20,60 : 10
20,61 : 11
20,62 : 12
20,63 : 10
20,64 : 11
20,65 : 12
20,66 : 13
20,67 : 14
20,68 : 12
20,69 : 13
20,70 : 14
20,71 : 15
20,72 : 16
20,73 : 14
20,74 : 15
20,75 : 16
20,76 : 17
20,77 : 18
20,78 : 19
20,79 : 20
20,80 : 18
20,81 : 19
20,82 : 20
20,83 : 21
20,84 : 22
20,85 : 23
20,86 : 21
20,87 : 22
20,88 : 20
20,89 : 21
20,90 : 19
20,91 : 17
20,92 : 18
20,93 : 16
20,94 : 17
20,95 : 15
20,96 : 16
20,97 : 14
20,98 : 12
20,99 : 10
20,100 : 8
21,22 : 1
21,23 : 2
21,24 : 3
21,25 : 4
21,26 : 5
21,27 : 6
21,28 : 7
21,29 : 8
21,30 : 9
21,31 : 7
21,32 : 8
21,33 : 9
21,34 : 10
21,35 : 8
21,36 : 9
21,37 : 7
21,38 : 8
21,39 : 9
21,40 : 10
21,41 : 11
21,42 : 9
21,43 : 10
21,44 : 11
21,45 : 12
21,46 : 13
21,47 : 14
21,48 : 15
21,49 : 16
21,50 : 14
21,51 : 12
21,52 : 13
21,53 : 14
21,54 : 15
21,55 : 16
21,56 : 14
21,57 : 12
21,58 : 13
21,59 : 11
21,60 : 9
21,61 : 10
21,62 : 11
21,63 : 9
21,64 : 10
21,65 : 11
21,66 : 12
21,67 : 13
21,68 : 11
21,69 : 12
21,70 : 13
21,71 : 14
21,72 : 15
21,73 : 13
21,74 : 14
21,75 : 15
21,76 : 16
21,77 : 17
21,78 : 18
21,79 : 19
21,80 : 17
21,81 : 18
21,82 : 19
21,83 : 20
21,84 : 21
21,85 : 22
21,86 : 20
21,87 : 21
21,88 : 19
21,89 : 20
21,90 : 18
21,91 : 16
21,92 : 17
21,93 : 15
21,94 : 16
21,95 : 14
21,96 : 15
21,97 : 13
21,98 : 11
21,99 : 9
21,100 : 7
22,23 : 1
22,24 : 2
22,25 : 3
22,26 : 4
22,27 : 5
22,28 : 6
22,29 : 7
22,30 : 8
22,31 : 6
22,32 : 7
22,33 : 8
22,34 : 9
22,35 : 7
22,36 : 8
22,37 : 6
22,38 : 7
22,39 : 8
22,40 : 9
22,41 : 10
22,42 : 8
22,43 : 9
22,44 : 10
22,45 : 11
22,46 : 12
22,47 : 13
22,48 : 14
22,49 : 15
22,50 : 13
22,51 : 11
22,52 : 12
22,53 : 13
22,54 : 14
22,55 : 15
22,56 : 13
22,57 : 11
22,58 : 12
22,59 : 10
22,60 : 8
22,61 : 9
22,62 : 10
22,63 : 8
22,64 : 9
22,65 : 10
22,66 : 11
22,67 : 12
22,68 : 10
22,69 : 11
22,70 : 12
22,71 : 13
22,72 : 14
22,73 : 12
22,74 : 13
22,75 : 14
22,76 : 15
22,77 : 16
22,78 : 17
22,79 : 18
22,80 : 16
22,81 : 17
22,82 : 18
22,83 : 19
22,84 : 20
22,85 : 21
22,86 : 19
22,87 : 20
22,88 : 18
22,89 : 19
22,90 : 17
22,91 : 15
22,92 : 16
22,93 : 14
22,94 : 15
22,95 : 13
22,96 : 14
22,97 : 12
22,98 : 10
22,99 : 8
22,100 : 6
23,24 : 1
23,25 : 2
23,26 : 3
23,27 : 4
23,28 : 5
23,29 : 6
23,30 : 7
23,31 : 5
23,32 : 6
23,33 : 7
23,34 : 8
23,35 : 6
23,36 : 7
23,37 : 5
23,38 : 6
23,39 : 7
23,40 : 8
23,41 : 9
23,42 : 7
23,43 : 8
23,44 : 9
23,45 : 10
23,46 : 11
23,47 : 12
23,48 : 13
23,49 : 14
23,50 : 12
23,51 : 10
23,52 : 11
23,53 : 12
23,54 : 13
23,55 : 14
23,56 : 12
23,57 : 10
23,58 : 11
23,59 : 9
23,60 : 7
23,61 : 8
23,62 : 9
23,63 : 7
23,64 : 8
23,65 : 9
23,66 : 10
23,67 : 11
23,68 : 9
23,69 : 10
23,70 : 11
23,71 : 12
23,72 : 13
23,73 : 11
23,74 : 12
23,75 : 13
23,76 : 14
23,77 : 15
23,78 : 16
23,79 : 17
23,80 : 15
23,81 : 16
23,82 : 17
23,83 : 18
23,84 : 19
23,85 : 20
23,86 : 18
23,87 : 19
23,88 : 17
23,89 : 18
23,90 : 16
23,91 : 14
23,92 : 15
23,93 : 13
23,94 : 14
23,95 : 12
23,96 : 13
23,97 : 11
23,98 : 9
23,99 : 7
23,100 : 5
24,25 : 1
24,26 : 2
24,27 : 3
24,28 : 4
24,29 : 5
24,30 : 6
24,31 : 4
24,32 : 5
24,33 : 6
24,34 : 7
24,35 : 5
24,36 : 6
24,37 : 4
24,38 : 5
24,39 : 6
24,40 : 7
24,41 : 8
24,42 : 6
24,43 : 7
24,44 : 8
24,45 : 9
24,46 : 10
24,47 : 11
24,48 : 12
24,49 : 13
24,50 : 11
24,51 : 9
24,52 : 10
24,53 : 11
24,54 : 12
24,55 : 13
24,56 : 11
24,57 : 9
24,58 : 10
24,59 : 8
24,60 : 6
24,61 : 7
24,62 : 8
24,63 : 6
24,64 : 7
24,65 : 8
24,66 : 9
24,67 : 10
24,68 : 8
24,69 : 9
24,70 : 10
24,71 : 11
24,72 : 12
24,73 : 10
24,74 : 11
24,75 : 12
24,76 : 13
24,77 : 14
24,78 : 15
24,79 : 16
24,80 : 14
24,81 : 15
24,82 : 16
24,83 : 17
24,84 : 18
24,85 : 19
24,86 : 17
24,87 : 18
24,88 : 16
24,89 : 17
24,90 : 15
24,91 : 13
24,92 : 14
24,93 : 12
24,94 : 13
24,95 : 11
24,96 : 12
24,97 : 10
24,98 : 8
24,99 : 6
24,100 : 4
25,26 : 1
25,27 : 2
25,28 : 3
25,29 : 4
25,30 : 5
25,31 : 3
25,32 : 4
25,33 : 5
25,34 : 6
25,35 : 4
25,36 : 5
25,37 : 3
25,38 : 4
25,39 : 5
25,40 : 6
25,41 : 7
25,42 : 5
25,43 : 6
25,44 : 7
25,45 : 8
25,46 : 9
25,47 : 10
25,48 : 11
25,49 : 12
25,50 : 10
25,51 : 8
25,52 : 9
25,53 : 10
25,54 : 11
25,55 : 12
25,56 : 10
25,57 : 8
25,58 : 9
25,59 : 7
25,60 : 5
25,61 : 6
25,62 : 7
25,63 : 5
25,64 : 6
25,65 : 7
25,66 : 8
25,67 : 9
25,68 : 7
25,69 : 8
25,70 : 9
25,71 : 10
25,72 : 11
25,73 : 9
25,74 : 10
25,75 : 11
25,76 : 12
25,77 : 13
25,78 : 14
25,79 : 15
25,80 : 13
25,81 : 14
25,82 : 15
25,83 : 16
25,84 : 17
25,85 : 18
25,86 : 16
25,87 : 17
25,88 : 15
25,89 : 16
25,90 : 14
25,91 : 12
25,92 : 13
25,93 : 11
25,94 : 12
25,95 : 10
25,96 : 11
25,97 : 9
25,98 : 7
25,99 : 5
25,100 : 3
26,27 : 1
26,28 : 2
26,29 : 3
26,30 : 4
26,31 : 2
26,32 : 3
26,33 : 4
26,34 : 5
26,35 : 3
26,36 : 4
26,37 : 2
26,38 : 3
26,39 : 4
26,40 : 5
26,41 : 6
26,42 : 4
26,43 : 5
26,44 : 6
26,45 : 7
26,46 : 8
26,47 : 9
26,48 : 10
26,49 : 11
26,50 : 9
26,51 : 7
26,52 : 8
26,53 : 9
26,54 : 10
26,55 : 11
26,56 : 9
26,57 : 7
26,58 : 8
26,59 : 6
26,60 : 4
26,61 : 5
26,62 : 6
26,63 : 4
26,64 : 5
26,65 : 6
26,66 : 7
26,67 : 8
26,68 : 6
26,69 : 7
26,70 : 8
26,71 : 9
26,72 : 10
26,73 : 8
26,74 : 9
26,75 : 10
26,76 : 11
26,77 : 12
26,78 : 13
26,79 : 14
26,80 : 12
26,81 : 13
26,82 : 14
26,83 : 15
26,84 : 16
26,85 : 17
26,86 : 15
26,87 : 16
26,88 : 14
26,89 : 15
26,90 : 13
26,91 : 11
26,92 : 12
26,93 : 10
26,94 : 11
26,95 : 9
26,96 : 10
26,97 : 8
26,98 : 6
26,99 : 4
26,100 : 2
27,28 : 1
27,29 : 2
27,30 : 3
27,31 : 1
27,32 : 2
27,33 : 3
27,34 : 4
27,35 : 2
27,36 : 3
27,37 : 1
27,38 : 2
27,39 : 3
27,40 : 4
27,41 : 5
27,42 : 3
27,43 : 4
27,44 : 5
27,45 : 6
27,46 : 7
27,47 : 8
27,48 : 9
27,49 : 10
27,50 : 8
27,51 : 6
27,52 : 7
27,53 : 8
27,54 : 9
27,55 : 10
27,56 : 8
27,57 : 6
27,58 : 7
27,59 : 5
27,60 : 3
27,61 : 4
27,62 : 5
27,63 : 3
27,64 : 4
27,65 : 5
27,66 : 6
27,67 : 7
27,68 : 5
27,69 : 6
27,70 : 7
27,71 : 8
27,72 : 9
27,73 : 7
27,74 : 8
27,75 : 9
27,76 : 10
27,77 : 11
27,78 : 12
27,79 : 13
27,80 : 11
27,81 : 12
27,82 : 13
27,83 : 14
27,84 : 15
27,85 : 16
27,86 : 14
27,87 : 15
27,88 : 13
27,89 : 14
27,90 : 12
27,91 : 10
27,92 : 11
27,93 : 9
27,94 : 10
27,95 : 8
27,96 : 9
27,97 : 7
27,98 : 5
27,99 : 3
27,100 : 1
28,29 : 1
28,30 : 2
28,31 : 0
28,32 : 1
28,33 : 2
28,34 : 3
28,35 : 1
28,36 : 2
28,37 : 0
28,38 : 1
28,39 : 2
28,40 : 3
28,41 : 4
28,42 : 2
28,43 : 3
28,44 : 4
28,45 : 5
28,46 : 6
28,47 : 7
28,48 : 8
28,49 : 9
28,50 : 7
28,51 : 5
28,52 : 6
28,53 : 7
28,54 : 8
28,55 : 9
28,56 : 7
28,57 : 5
28,58 : 6
28,59 : 4
28,60 : 2
28,61 : 3
28,62 : 4
28,63 : 2
28,64 : 3
28,65 : 4
28,66 : 5
28,67 : 6
28,68 : 4
28,69 : 5
28,70 : 6
28,71 : 7
28,72 : 8
28,73 : 6
28,74 : 7
28,75 : 8
28,76 : 9
28,77 : 10
28,78 : 11
28,79 : 12
28,80 : 10
28,81 : 11
28,82 : 12
28,83 : 13
28,84 : 14
28,85 : 15
28,86 : 13
28,87 : 14
28,88 : 12
28,89 : 13
28,90 : 11
28,91 : 9
28,92 : 10
28,93 : 8
28,94 : 9
28,95 : 7
28,96 : 8
28,97 : 6
28,98 : 4
28,99 : 2
28,100 : 0
29,30 : 1
29,31 : 2
29,32 : 3
29,33 : 4
29,34 : 5
29,35 : 3
29,36 : 4
29,37 : 2
29,38 : 3
29,39 : 4
29,40 : 5
29,41 : 6
29,42 : 4
29,43 : 5
29,44 : 6
29,45 : 7
29,46 : 8
29,47 : 9
29,48 : 10
29,49 : 11
29,50 : 9
29,51 : 7
29,52 : 8
29,53 : 9
29,54 : 10
29,55 : 11
29,56 : 9
29,57 : 7
29,58 : 8
29,59 : 6
29,60 : 4
29,61 : 5
29,62 : 6
29,63 : 4
29,64 : 5
29,65 : 6
29,66 : 7
29,67 : 8
29,68 : 6
29,69 : 7
29,70 : 8
29,71 : 9
29,72 : 10
29,73 : 8
29,74 : 9
29,75 : 10
29,76 : 11
29,77 : 12
29,78 : 13
29,79 : 14
29,80 : 12
29,81 : 13
29,82 : 14
29,83 : 15
29,84 : 16
29,85 : 17
29,86 : 15
29,87 : 16
29,88 : 14
29,89 : 15
29,90 : 13
29,91 : 11
29,92 : 12
29,93 : 10
29,94 : 11
29,95 : 9
29,96 : 10
29,97 : 8
29,98 : 6
29,99 : 4
29,100 : 2
30,31 : 1
30,32 : 2
30,33 : 3
30,34 : 4
30,35 : 2
30,36 : 3
30,37 : 1
30,38 : 2
30,39 : 3
30,40 : 4
30,41 : 5
30,42 : 3
30,43 : 4
30,44 : 5
30,45 : 6
30,46 : 7
30,47 : 8
30,48 : 9
30,49 : 10
30,50 : 8
30,51 : 6
30,52 : 7
30,53 : 8
30,54 : 9
30,55 : 10
30,56 : 8
30,57 : 6
30,58 : 7
30,59 : 5
30,60 : 3
30,61 : 4
30,62 : 5
30,63 : 3
30,64 : 4
30,65 : 5
30,66 : 6
30,67 : 7
30,68 : 5
30,69 : 6
30,70 : 7
30,71 : 8
30,72 : 9
30,73 : 7
30,74 : 8
30,75 : 9
30,76 : 10
30,77 : 11
30,78 : 12
30,79 : 13
30,80 : 11
30,81 : 12
30,82 : 13
30,83 : 14
30,84 : 15
30,85 : 16
30,86 : 14
30,87 : 15
30,88 : 13
30,89 : 14
30,90 : 12
30,91 : 10
30,92 : 11
30,93 : 9
30,94 : 10
30,95 : 8
30,96 : 9
30,97 : 7
30,98 : 5
30,99 : 3
30,100 : 1
31,32 : 1
31,33 : 2
31,34 : 3
31,35 : 1
31,36 : 2
31,37 : 0
31,38 : 1
31,39 : 2
31,40 : 3
31,41 : 4
31,42 : 2
31,43 : 3
31,44 : 4
31,45 : 5
31,46 : 6
31,47 : 7
31,48 : 8
31,49 : 9
31,50 : 7
31,51 : 5
31,52 : 6
31,53 : 7
31,54 : 8
31,55 : 9
31,56 : 7
31,57 : 5
31,58 : 6
31,59 : 4
31,60 : 2
31,61 : 3
31,62 : 4
31,63 : 2
31,64 : 3
31,65 : 4
31,66 : 5
31,67 : 6
31,68 : 4
31,69 : 5
31,70 : 6
31,71 : 7
31,72 : 8
31,73 : 6
31,74 : 7
31,75 : 8
31,76 : 9
31,77 : 10
31,78 : 11
31,79 : 12
31,80 : 10
31,81 : 11
31,82 : 12
31,83 : 13
31,84 : 14
31,85 : 15
31,86 : 13
31,87 : 14
31,88 : 12
31,89 : 13
31,90 : 11
31,91 : 9
31,92 : 10
31,93 : 8
31,94 : 9
31,95 : 7
31,96 : 8
31,97 : 6
31,98 : 4
31,99 : 2
31,100 : 0
32,33 : 1
32,34 : 2
32,35 : 0
32,36 : 1
32,37 : 2
32,38 : 3
32,39 : 4
32,40 : 5
32,41 : 6
32,42 : 4
32,43 : 5
32,44 : 6
32,45 : 7
32,46 : 8
32,47 : 9
32,48 : 10
32,49 : 11
32,50 : 9
32,51 : 7
32,52 : 8
32,53 : 9
32,54 : 10
32,55 : 11
32,56 : 9
32,57 : 7
32,58 : 8
32,59 : 6
32,60 : 4
32,61 : 5
32,62 : 6
32,63 : 4
32,64 : 5
32,65 : 6
32,66 : 7
32,67 : 8
32,68 : 6
32,69 : 7
32,70 : 8
32,71 : 9
32,72 : 10
32,73 : 8
32,74 : 9
32,75 : 10
32,76 : 11
32,77 : 12
32,78 : 13
32,79 : 14
32,80 : 12
32,81 : 13
32,82 : 14
32,83 : 15
32,84 : 16
32,85 : 17
32,86 : 15
32,87 : 16
32,88 : 14
32,89 : 15
32,90 : 13
32,91 : 11
32,92 : 12
32,93 : 10
32,94 : 11
32,95 : 9
32,96 : 10
32,97 : 8
32,98 : 6
32,99 : 4
32,100 : 2
33,34 : 1
33,35 : 2
33,36 : 3
33,37 : 4
33,38 : 5
33,39 : 6
33,40 : 7
33,41 : 8
33,42 : 6
33,43 : 7
33,44 : 8
33,45 : 9
33,46 : 10
33,47 : 11
33,48 : 12
33,49 : 13
33,50 : 11
33,51 : 9
33,52 : 10
33,53 : 11
33,54 : 12
33,55 : 13
33,56 : 11
33,57 : 9
33,58 : 10
33,59 : 8
33,60 : 6
33,61 : 7
33,62 : 8
33,63 : 6
33,64 : 7
33,65 : 8
33,66 : 9
33,67 : 10
33,68 : 8
33,69 : 9
33,70 : 10
33,71 : 11
33,72 : 12
33,73 : 10
33,74 : 11
33,75 : 12
33,76 : 13
33,77 : 14
33,78 : 15
33,79 : 16
33,80 : 14
33,81 : 15
33,82 : 16
33,83 : 17
33,84 : 18
33,85 : 19
33,86 : 17
33,87 : 18
33,88 : 16
33,89 : 17
33,90 : 15
33,91 : 13
33,92 : 14
33,93 : 12
33,94 : 13
33,95 : 11
33,96 : 12
33,97 : 10
33,98 : 8
33,99 : 6
33,100 : 4
34,35 : 1
34,36 : 2
34,37 : 3
34,38 : 4
34,39 : 5
34,40 : 6
34,41 : 7
34,42 : 5
34,43 : 6
34,44 : 7
34,45 : 8
34,46 : 9
34,47 : 10
34,48 : 11
34,49 : 12
34,50 : 10
34,51 : 8
34,52 : 9
34,53 : 10
34,54 : 11
34,55 : 12
34,56 : 10
34,57 : 8
34,58 : 9
34,59 : 7
34,60 : 5
34,61 : 6
34,62 : 7
34,63 : 5
34,64 : 6
34,65 : 7
34,66 : 8
34,67 : 9
34,68 : 7
34,69 : 8
34,70 : 9
34,71 : 10
34,72 : 11
34,73 : 9
34,74 : 10
34,75 : 11
34,76 : 12
34,77 : 13
34,78 : 14
34,79 : 15
34,80 : 13
34,81 : 14
34,82 : 15
34,83 : 16
34,84 : 17
34,85 : 18
34,86 : 16
34,87 : 17
34,88 : 15
34,89 : 16
34,90 : 14
34,91 : 12
34,92 : 13
34,93 : 11
34,94 : 12
34,95 : 10
34,96 : 11
34,97 : 9
34,98 : 7
34,99 : 5
34,100 : 3
35,36 : 1
35,37 : 2
35,38 : 3
35,39 : 4
35,40 : 5
35,41 : 6
35,42 : 4
35,43 : 5
35,44 : 6
35,45 : 7
35,46 : 8
35,47 : 9
35,48 : 10
35,49 : 11
35,50 : 9
35,51 : 7
35,52 : 8
35,53 : 9
35,54 : 10
35,55 : 11
35,56 : 9
35,57 : 7
35,58 : 8
35,59 : 6
35,60 : 4
35,61 : 5
35,62 : 6
35,63 : 4
35,64 : 5
35,65 : 6
35,66 : 7
35,67 : 8
35,68 : 6
35,69 : 7
35,70 : 8
35,71 : 9
35,72 : 10
35,73 : 8
35,74 : 9
35,75 : 10
35,76 : 11
35,77 : 12
35,78 : 13
35,79 : 14
35,80 : 12
35,81 : 13
35,82 : 14
35,83 : 15
35,84 : 16
35,85 : 17
35,86 : 15
35,87 : 16
35,88 : 14
35,89 : 15
35,90 : 13
35,91 : 11
35,92 : 12
35,93 : 10
35,94 : 11
35,95 : 9
35,96 : 10
35,97 : 8
35,98 : 6
35,99 : 4
35,100 : 2
36,37 : 1
36,38 : 2
36,39 : 3
36,40 : 4
36,41 : 5
36,42 : 3
36,43 : 4
36,44 : 5
36,45 : 6
36,46 : 7
36,47 : 8
36,48 : 9
36,49 : 10
36,50 : 8
36,51 : 6
36,52 : 7
36,53 : 8
36,54 : 9
36,55 : 10
36,56 : 8
36,57 : 6
36,58 : 7
36,59 : 5
36,60 : 3
36,61 : 4
36,62 : 5
36,63 : 3
36,64 : 4
36,65 : 5
36,66 : 6
36,67 : 7
36,68 : 5
36,69 : 6
36,70 : 7
36,71 : 8
36,72 : 9
36,73 : 7
36,74 : 8
36,75 : 9
36,76 : 10
36,77 : 11
36,78 : 12
36,79 : 13
36,80 : 11
36,81 : 12
36,82 : 13
36,83 : 14
36,84 : 15
36,85 : 16
36,86 : 14
36,87 : 15
36,88 : 13
36,89 : 14
36,90 : 12
36,91 : 10
36,92 : 11
36,93 : 9
36,94 : 10
36,95 : 8
36,96 : 9
36,97 : 7
36,98 : 5
36,99 : 3
36,100 : 1
37,38 : 1
37,39 : 2
37,40 : 3
37,41 : 4
37,42 : 2
37,43 : 3
37,44 : 4
37,45 : 5
37,46 : 6
37,47 : 7
37,48 : 8
37,49 : 9
37,50 : 7
37,51 : 5
37,52 : 6
37,53 : 7
37,54 : 8
37,55 : 9
37,56 : 7
37,57 : 5
37,58 : 6
37,59 : 4
37,60 : 2
37,61 : 3
37,62 : 4
37,63 : 2
37,64 : 3
37,65 : 4
37,66 : 5
37,67 : 6
37,68 : 4
37,69 : 5
37,70 : 6
37,71 : 7
37,72 : 8
37,73 : 6
37,74 : 7
37,75 : 8
37,76 : 9
37,77 : 10
37,78 : 11
37,79 : 12
37,80 : 10
37,81 : 11
37,82 : 12
37,83 : 13
37,84 : 14
37,85 : 15
37,86 : 13
37,87 : 14
37,88 : 12
37,89 : 13
37,90 : 11
37,91 : 9
37,92 : 10
37,93 : 8
37,94 : 9
37,95 : 7
37,96 : 8
37,97 : 6
37,98 : 4
37,99 : 2
37,100 : 0
38,39 : 1
38,40 : 2
38,41 : 3
38,42 : 1
38,43 : 2
38,44 : 3
38,45 : 4
38,46 : 5
38,47 : 6
38,48 : 7
38,49 : 8
38,50 : 6
38,51 : 4
38,52 : 5
38,53 : 6
38,54 : 7
38,55 : 8
38,56 : 6
38,57 : 4
38,58 : 5
38,59 : 3
38,60 : 1
38,61 : 2
38,62 : 3
38,63 : 1
38,64 : 2
38,65 : 3
38,66 : 4
38,67 : 5
38,68 : 3
38,69 : 4
38,70 : 5
38,71 : 6
38,72 : 7
38,73 : 5
38,74 : 6
38,75 : 7
38,76 : 8
38,77 : 9
38,78 : 10
38,79 : 11
38,80 : 9
38,81 : 10
38,82 : 11
38,83 : 12
38,84 : 13
38,85 : 14
38,86 : 12
38,87 : 13
38,88 : 11
38,89 : 12
38,90 : 10
38,91 : 8
38,92 : 9
38,93 : 7
38,94 : 8
38,95 : 6
38,96 : 7
38,97 : 5
38,98 : 3
38,99 : 1
38,100 : 2
39,40 : 1
39,41 : 2
39,42 : 0
39,43 : 1
39,44 : 2
39,45 : 3
39,46 : 4
39,47 : 5
39,48 : 6
39,49 : 7
39,50 : 5
39,51 : 3
39,52 : 4
39,53 : 5
39,54 : 6
39,55 : 7
39,56 : 5
39,57 : 3
39,58 : 4
39,59 : 2
39,60 : 0
39,61 : 1
39,62 : 2
39,63 : 0
39,64 : 1
39,65 : 2
39,66 : 3
39,67 : 4
39,68 : 2
39,69 : 3
39,70 : 4
39,71 : 5
39,72 : 6
39,73 : 4
39,74 : 5
39,75 : 6
39,76 : 7
39,77 : 8
39,78 : 9
39,79 : 10
39,80 : 8
39,81 : 9
39,82 : 10
39,83 : 11
39,84 : 12
39,85 : 13
39,86 : 11
39,87 : 12
39,88 : 10
39,89 : 11
39,90 : 9
39,91 : 7
39,92 : 8
39,93 : 6
39,94 : 7
39,95 : 5
39,96 : 6
39,97 : 4
39,98 : 2
39,99 : 0
39,100 : 1
40,41 : 1
40,42 : 2
40,43 : 3
40,44 : 4
40,45 : 5
40,46 : 6
40,47 : 7
40,48 : 8
40,49 : 9
40,50 : 7
40,51 : 5
40,52 : 6
40,53 : 7
40,54 : 8
40,55 : 9
40,56 : 7
40,57 : 5
40,58 : 6
40,59 : 4
40,60 : 2
40,61 : 3
40,62 : 4
40,63 : 2
40,64 : 3
40,65 : 4
40,66 : 5
40,67 : 6
40,68 : 4
40,69 : 5
40,70 : 6
40,71 : 7
40,72 : 8
40,73 : 6
40,74 : 7
40,75 : 8
40,76 : 9
40,77 : 10
40,78 : 11
40,79 : 12
40,80 : 10
40,81 : 11
40,82 : 12
40,83 : 13
40,84 : 14
40,85 : 15
40,86 : 13
40,87 : 14
40,88 : 12
40,89 : 13
40,90 : 11
40,91 : 9
40,92 : 10
40,93 : 8
40,94 : 9
40,95 : 7
40,96 : 8
40,97 : 6
40,98 : 4
40,99 : 2
40,100 : 3
41,42 : 1
41,43 : 2
41,44 : 3
41,45 : 4
41,46 : 5
41,47 : 6
41,48 : 7
41,49 : 8
41,50 : 6
41,51 : 4
41,52 : 5
41,53 : 6
41,54 : 7
41,55 : 8
41,56 : 6
41,57 : 4
41,58 : 5
41,59 : 3
41,60 : 1
41,61 : 2
41,62 : 3
41,63 : 1
41,64 : 2
41,65 : 3
41,66 : 4
41,67 : 5
41,68 : 3
41,69 : 4
41,70 : 5
41,71 : 6
41,72 : 7
41,73 : 5
41,74 : 6
41,75 : 7
41,76 : 8
41,77 : 9
41,78 : 10
41,79 : 11
41,80 : 9
41,81 : 10
41,82 : 11
41,83 : 12
41,84 : 13
41,85 : 14
41,86 : 12
41,87 : 13
41,88 : 11
41,89 : 12
41,90 : 10
41,91 : 8
41,92 : 9
41,93 : 7
41,94 : 8
41,95 : 6
41,96 : 7
41,97 : 5
41,98 : 3
41,99 : 1
41,100 : 2
42,43 : 1
42,44 : 2
42,45 : 3
42,46 : 4
42,47 : 5
42,48 : 6
42,49 : 7
42,50 : 5
42,51 : 3
42,52 : 4
42,53 : 5
42,54 : 6
42,55 : 7
42,56 : 5
42,57 : 3
42,58 : 4
42,59 : 2
42,60 : 0
42,61 : 1
42,62 : 2
42,63 : 0
42,64 : 1
42,65 : 2
42,66 : 3
42,67 : 4
42,68 : 2
42,69 : 3
42,70 : 4
42,71 : 5
42,72 : 6
42,73 : 4
42,74 : 5
42,75 : 6
42,76 : 7
42,77 : 8
42,78 : 9
42,79 : 10
42,80 : 8
42,81 : 9
42,82 : 10
42,83 : 11
42,84 : 12
42,85 : 13
42,86 : 11
42,87 : 12
42,88 : 10
42,89 : 11
42,90 : 9
42,91 : 7
42,92 : 8
42,93 : 6
42,94 : 7
42,95 : 5
42,96 : 6
42,97 : 4
42,98 : 2
42,99 : 0
42,100 : 1
43,44 : 1
43,45 : 2
43,46 : 3
43,47 : 4
43,48 : 5
43,49 : 6
43,50 : 4
43,51 : 2
43,52 : 3
43,53 : 4
43,54 : 5
43,55 : 6
43,56 : 4
43,57 : 2
43,58 : 3
43,59 : 1
43,60 : 2
43,61 : 3
43,62 : 4
43,63 : 2
43,64 : 3
43,65 : 4
43,66 : 5
43,67 : 6
43,68 : 4
43,69 : 5
43,70 : 6
43,71 : 7
43,72 : 8
43,73 : 6
43,74 : 7
43,75 : 8
43,76 : 9
43,77 : 10
43,78 : 11
43,79 : 12
43,80 : 10
43,81 : 11
43,82 : 12
43,83 : 13
43,84 : 14
43,85 : 15
43,86 : 13
43,87 : 14
43,88 : 12
43,89 : 13
43,90 : 11
43,91 : 9
43,92 : 10
43,93 : 8
43,94 : 9
43,95 : 7
43,96 : 8
43,97 : 6
43,98 : 4
43,99 : 2
43,100 : 3
44,45 : 1
44,46 : 2
44,47 : 3
44,48 : 4
44,49 : 5
44,50 : 3
44,51 : 1
44,52 : 2
44,53 : 3
44,54 : 4
44,55 : 5
44,56 : 3
44,57 : 1
44,58 : 2
44,59 : 0
44,60 : 1
44,61 : 2
44,62 : 3
44,63 : 1
44,64 : 2
44,65 : 3
44,66 : 4
44,67 : 5
44,68 : 3
44,69 : 4
44,70 : 5
44,71 : 6
44,72 : 7
44,73 : 5
44,74 : 6
44,75 : 7
44,76 : 8
44,77 : 9
44,78 : 10
44,79 : 11
44,80 : 9
44,81 : 10
44,82 : 11
44,83 : 12
44,84 : 13
44,85 : 14
44,86 : 12
44,87 : 13
44,88 : 11
44,89 : 12
44,90 : 10
44,91 : 8
44,92 : 9
44,93 : 7
44,94 : 8
44,95 : 6
44,96 : 7
44,97 : 5
44,98 : 3
44,99 : 1
44,100 : 2
45,46 : 1
45,47 : 2
45,48 : 3
45,49 : 4
45,50 : 2
45,51 : 0
45,52 : 1
45,53 : 2
45,54 : 3
45,55 : 4
45,56 : 2
45,57 : 0
45,58 : 1
45,59 : 2
45,60 : 3
45,61 : 4
45,62 : 5
45,63 : 3
45,64 : 4
45,65 : 5
45,66 : 6
45,67 : 7
45,68 : 5
45,69 : 6
45,70 : 7
45,71 : 8
45,72 : 9
45,73 : 7
45,74 : 8
45,75 : 9
45,76 : 10
45,77 : 11
45,78 : 12
45,79 : 13
45,80 : 11
45,81 : 12
45,82 : 13
45,83 : 14
45,84 : 15
45,85 : 16
45,86 : 14
45,87 : 15
45,88 : 13
45,89 : 14
45,90 : 12
45,91 : 10
45,92 : 11
45,93 : 9
45,94 : 10
45,95 : 8
45,96 : 9
45,97 : 7
45,98 : 5
45,99 : 3
45,100 : 4
46,47 : 1
46,48 : 2
46,49 : 3
46,50 : 1
46,51 : 2
46,52 : 3
46,53 : 4
46,54 : 5
46,55 : 6
46,56 : 4
46,57 : 2
46,58 : 3
46,59 : 4
46,60 : 5
46,61 : 6
46,62 : 7
46,63 : 5
46,64 : 6
46,65 : 7
46,66 : 8
46,67 : 9
46,68 : 7
46,69 : 8
46,70 : 9
46,71 : 10
46,72 : 11
46,73 : 9
46,74 : 10
46,75 : 11
46,76 : 12
46,77 : 13
46,78 : 14
46,79 : 15
46,80 : 13
46,81 : 14
46,82 : 15
46,83 : 16
46,84 : 17
46,85 : 18
46,86 : 16
46,87 : 17
46,88 : 15
46,89 : 16
46,90 : 14
46,91 : 12
46,92 : 13
46,93 : 11
46,94 : 12
46,95 : 10
46,96 : 11
46,97 : 9
46,98 : 7
46,99 : 5
46,100 : 6
47,48 : 1
47,49 : 2
47,50 : 0
47,51 : 1
47,52 : 2
47,53 : 3
47,54 : 4
47,55 : 5
47,56 : 3
47,57 : 1
47,58 : 2
47,59 : 3
47,60 : 4
47,61 : 5
47,62 : 6
47,63 : 4
47,64 : 5
47,65 : 6
47,66 : 7
47,67 : 8
47,68 : 6
47,69 : 7
47,70 : 8
47,71 : 9
47,72 : 10
47,73 : 8
47,74 : 9
47,75 : 10
47,76 : 11
47,77 : 12
47,78 : 13
47,79 : 14
47,80 : 12
47,81 : 13
47,82 : 14
47,83 : 15
47,84 : 16
47,85 : 17
47,86 : 15
47,87 : 16
47,88 : 14
47,89 : 15
47,90 : 13
47,91 : 11
47,92 : 12
47,93 : 10
47,94 : 11
47,95 : 9
47,96 : 10
47,97 : 8
47,98 : 6
47,99 : 4
47,100 : 5
48,49 : 1
48,50 : 2
48,51 : 3
48,52 : 4
48,53 : 5
48,54 : 6
48,55 : 7
48,56 : 5
48,57 : 3
48,58 : 4
48,59 : 5
48,60 : 6
48,61 : 7
48,62 : 8
48,63 : 6
48,64 : 7
48,65 : 8
48,66 : 9
48,67 : 10
48,68 : 8
48,69 : 9
48,70 : 10
48,71 : 11
48,72 : 12
48,73 : 10
48,74 : 11
48,75 : 12
48,76 : 13
48,77 : 14
48,78 : 15
48,79 : 16
48,80 : 14
48,81 : 15
48,82 : 16
48,83 : 17
48,84 : 18
48,85 : 19
48,86 : 17
48,87 : 18
48,88 : 16
48,89 : 17
48,90 : 15
48,91 : 13
48,92 : 14
48,93 : 12
48,94 : 13
48,95 : 11
48,96 : 12
48,97 : 10
48,98 : 8
48,99 : 6
48,100 : 7
49,50 : 1
49,51 : 2
49,52 : 3
49,53 : 4
49,54 : 5
49,55 : 6
49,56 : 4
49,57 : 2
49,58 : 3
49,59 : 4
49,60 : 5
49,61 : 6
49,62 : 7
49,63 : 5
49,64 : 6
49,65 : 7
49,66 : 8
49,67 : 9
49,68 : 7
49,69 : 8
49,70 : 9
49,71 : 10
49,72 : 11
49,73 : 9
49,74 : 10
49,75 : 11
49,76 : 12
49,77 : 13
49,78 : 14
49,79 : 15
49,80 : 13
49,81 : 14
49,82 : 15
49,83 : 16
49,84 : 17
49,85 : 18
49,86 : 16
49,87 : 17
49,88 : 15
49,89 : 16
49,90 : 14
49,91 : 12
49,92 : 13
49,93 : 11
49,94 : 12
49,95 : 10
49,96 : 11
49,97 : 9
49,98 : 7
49,99 : 5
49,100 : 6
50,51 : 1
50,52 : 2
50,53 : 3
50,54 : 4
50,55 : 5
50,56 : 3
50,57 : 1
50,58 : 2
50,59 : 3
50,60 : 4
50,61 : 5
50,62 : 6
50,63 : 4
50,64 : 5
50,65 : 6
50,66 : 7
50,67 : 8
50,68 : 6
50,69 : 7
50,70 : 8
50,71 : 9
50,72 : 10
50,73 : 8
50,74 : 9
50,75 : 10
50,76 : 11
50,77 : 12
50,78 : 13
50,79 : 14
50,80 : 12
50,81 : 13
50,82 : 14
50,83 : 15
50,84 : 16
50,85 : 17
50,86 : 15
50,87 : 16
50,88 : 14
50,89 : 15
50,90 : 13
50,91 : 11
50,92 : 12
50,93 : 10
50,94 : 11
50,95 : 9
50,96 : 10
50,97 : 8
50,98 : 6
50,99 : 4
50,100 : 5
51,52 : 1
51,53 : 2
51,54 : 3
51,55 : 4
51,56 : 2
51,57 : 0
51,58 : 1
51,59 : 2
51,60 : 3
51,61 : 4
51,62 : 5
51,63 : 3
51,64 : 4
51,65 : 5
51,66 : 6
51,67 : 7
51,68 : 5
51,69 : 6
51,70 : 7
51,71 : 8
51,72 : 9
51,73 : 7
51,74 : 8
51,75 : 9
51,76 : 10
51,77 : 11
51,78 : 12
51,79 : 13
51,80 : 11
51,81 : 12
51,82 : 13
51,83 : 14
51,84 : 15
51,85 : 16
51,86 : 14
51,87 : 15
51,88 : 13
51,89 : 14
51,90 : 12
51,91 : 10
51,92 : 11
51,93 : 9
51,94 : 10
51,95 : 8
51,96 : 9
51,97 : 7
51,98 : 5
51,99 : 3
51,100 : 4
52,53 : 1
52,54 : 2
52,55 : 3
52,56 : 1
52,57 : 2
52,58 : 3
52,59 : 4
52,60 : 5
52,61 : 6
52,62 : 7
52,63 : 5
52,64 : 6
52,65 : 7
52,66 : 8
52,67 : 9
52,68 : 7
52,69 : 8
52,70 : 9
52,71 : 10
52,72 : 11
52,73 : 9
52,74 : 10
52,75 : 11
52,76 : 12
52,77 : 13
52,78 : 14
52,79 : 15
52,80 : 13
52,81 : 14
52,82 : 15
52,83 : 16
52,84 : 17
52,85 : 18
52,86 : 16
52,87 : 17
52,88 : 15
52,89 : 16
52,90 : 14
52,91 : 12
52,92 : 13
52,93 : 11
52,94 : 12
52,95 : 10
52,96 : 11
52,97 : 9
52,98 : 7
52,99 : 5
52,100 : 6
53,54 : 1
53,55 : 2
53,56 : 0
53,57 : 1
53,58 : 2
53,59 : 3
53,60 : 4
53,61 : 5
53,62 : 6
53,63 : 4
53,64 : 5
53,65 : 6
53,66 : 7
53,67 : 8
53,68 : 6
53,69 : 7
53,70 : 8
53,71 : 9
53,72 : 10
53,73 : 8
53,74 : 9
53,75 : 10
53,76 : 11
53,77 : 12
53,78 : 13
53,79 : 14
53,80 : 12
53,81 : 13
53,82 : 14
53,83 : 15
53,84 : 16
53,85 : 17
53,86 : 15
53,87 : 16
53,88 : 14
53,89 : 15
53,90 : 13
53,91 : 11
53,92 : 12
53,93 : 10
53,94 : 11
53,95 : 9
53,96 : 10
53,97 : 8
53,98 : 6
53,99 : 4
53,100 : 5
54,55 : 1
54,56 : 2
54,57 : 3
54,58 : 4
54,59 : 5
54,60 : 6
54,61 : 7
54,62 : 8
54,63 : 6
54,64 : 7
54,65 : 8
54,66 : 9
54,67 : 10
54,68 : 8
54,69 : 9
54,70 : 10
54,71 : 11
54,72 : 12
54,73 : 10
54,74 : 11
54,75 : 12
54,76 : 13
54,77 : 14
54,78 : 15
54,79 : 16
54,80 : 14
54,81 : 15
54,82 : 16
54,83 : 17
54,84 : 18
54,85 : 19
54,86 : 17
54,87 : 18
54,88 : 16
54,89 : 17
54,90 : 15
54,91 : 13
54,92 : 14
54,93 : 12
54,94 : 13
54,95 : 11
54,96 : 12
54,97 : 10
54,98 : 8
54,99 : 6
54,100 : 7
55,56 : 1
55,57 : 2
55,58 : 3
55,59 : 4
55,60 : 5
55,61 : 6
55,62 : 7
55,63 : 5
55,64 : 6
55,65 : 7
55,66 : 8
55,67 : 9
55,68 : 7
55,69 : 8
55,70 : 9
55,71 : 10
55,72 : 11
55,73 : 9
55,74 : 10
55,75 : 11
55,76 : 12
55,77 : 13
55,78 : 14
55,79 : 15
55,80 : 13
55,81 : 14
55,82 : 15
55,83 : 16
55,84 : 17
55,85 : 18
55,86 : 16
55,87 : 17
55,88 : 15
55,89 : 16
55,90 : 14
55,91 : 12
55,92 : 13
55,93 : 11
55,94 : 12
55,95 : 10
55,96 : 11
55,97 : 9
55,98 : 7
55,99 : 5
55,100 : 6
56,57 : 1
56,58 : 2
56,59 : 3
56,60 : 4
56,61 : 5
56,62 : 6
56,63 : 4
56,64 : 5
56,65 : 6
56,66 : 7
56,67 : 8
56,68 : 6
56,69 : 7
56,70 : 8
56,71 : 9
56,72 : 10
56,73 : 8
56,74 : 9
56,75 : 10
56,76 : 11
56,77 : 12
56,78 : 13
56,79 : 14
56,80 : 12
56,81 : 13
56,82 : 14
56,83 : 15
56,84 : 16
56,85 : 17
56,86 : 15
56,87 : 16
56,88 : 14
56,89 : 15
56,90 : 13
56,91 : 11
56,92 : 12
56,93 : 10
56,94 : 11
56,95 : 9
56,96 : 10
56,97 : 8
56,98 : 6
56,99 : 4
56,100 : 5
57,58 : 1
57,59 : 2
57,60 : 3
57,61 : 4
57,62 : 5
57,63 : 3
57,64 : 4
57,65 : 5
57,66 : 6
57,67 : 7
57,68 : 5
57,69 : 6
57,70 : 7
57,71 : 8
57,72 : 9
57,73 : 7
57,74 : 8
57,75 : 9
57,76 : 10
57,77 : 11
57,78 : 12
57,79 : 13
57,80 : 11
57,81 : 12
57,82 : 13
57,83 : 14
57,84 : 15
57,85 : 16
57,86 : 14
57,87 : 15
57,88 : 13
57,89 : 14
57,90 : 12
57,91 : 10
57,92 : 11
57,93 : 9
57,94 : 10
57,95 : 8
57,96 : 9
57,97 : 7
57,98 : 5
57,99 : 3
57,100 : 4
58,59 : 1
58,60 : 2
58,61 : 3
58,62 : 4
58,63 : 2
58,64 : 3
58,65 : 4
58,66 : 5
58,67 : 6
58,68 : 4
58,69 : 5
58,70 : 6
58,71 : 7
58,72 : 8
58,73 : 6
58,74 : 7
58,75 : 8
58,76 : 9
58,77 : 10
58,78 : 11
58,79 : 12
58,80 : 10
58,81 : 11
58,82 : 12
58,83 : 13
58,84 : 14
58,85 : 15
58,86 : 13
58,87 : 14
58,88 : 12
58,89 : 13
58,90 : 11
58,91 : 9
58,92 : 10
58,93 : 8
58,94 : 9
58,95 : 7
58,96 : 8
58,97 : 6
58,98 : 4
58,99 : 2
58,100 : 3
59,60 : 1
59,61 : 2
59,62 : 3
59,63 : 1
59,64 : 2
59,65 : 3
59,66 : 4
59,67 : 5
59,68 : 3
59,69 : 4
59,70 : 5
59,71 : 6
59,72 : 7
59,73 : 5
59,74 : 6
59,75 : 7
59,76 : 8
59,77 : 9
59,78 : 10
59,79 : 11
59,80 : 9
59,81 : 10
59,82 : 11
59,83 : 12
59,84 : 13
59,85 : 14
59,86 : 12
59,87 : 13
59,88 : 11
59,89 : 12
59,90 : 10
59,91 : 8
59,92 : 9
59,93 : 7
59,94 : 8
59,95 : 6
59,96 : 7
59,97 : 5
59,98 : 3
59,99 : 1
59,100 : 2
60,61 : 1
60,62 : 2
60,63 : 0
60,64 : 1
60,65 : 2
60,66 : 3
60,67 : 4
60,68 : 2
60,69 : 3
60,70 : 4
60,71 : 5
60,72 : 6
60,73 : 4
60,74 : 5
60,75 : 6
60,76 : 7
60,77 : 8
60,78 : 9
60,79 : 10
60,80 : 8
60,81 : 9
60,82 : 10
60,83 : 11
60,84 : 12
60,85 : 13
60,86 : 11
60,87 : 12
60,88 : 10
60,89 : 11
60,90 : 9
60,91 : 7
60,92 : 8
60,93 : 6
60,94 : 7
60,95 : 5
60,96 : 6
60,97 : 4
60,98 : 2
60,99 : 0
60,100 : 1
61,62 : 1
61,63 : 2
61,64 : 3
61,65 : 4
61,66 : 5
61,67 : 6
61,68 : 4
61,69 : 5
61,70 : 6
61,71 : 7
61,72 : 8
61,73 : 6
61,74 : 7
61,75 : 8
61,76 : 9
61,77 : 10
61,78 : 11
61,79 : 12
61,80 : 10
61,81 : 11
61,82 : 12
61,83 : 13
61,84 : 14
61,85 : 15
61,86 : 13
61,87 : 14
61,88 : 12
61,89 : 13
61,90 : 11
61,91 : 9
61,92 : 10
61,93 : 8
61,94 : 9
61,95 : 7
61,96 : 8
61,97 : 6
61,98 : 4
61,99 : 2
61,100 : 3
62,63 : 1
62,64 : 2
62,65 : 3
62,66 : 4
62,67 : 5
62,68 : 3
62,69 : 4
62,70 : 5
62,71 : 6
62,72 : 7
62,73 : 5
62,74 : 6
62,75 : 7
62,76 : 8
62,77 : 9
62,78 : 10
62,79 : 11
62,80 : 9
62,81 : 10
62,82 : 11
62,83 : 12
62,84 : 13
62,85 : 14
62,86 : 12
62,87 : 13
62,88 : 11
62,89 : 12
62,90 : 10
62,91 : 8
62,92 : 9
62,93 : 7
62,94 : 8
62,95 : 6
62,96 : 7
62,97 : 5
62,98 : 3
62,99 : 1
62,100 : 2
63,64 : 1
63,65 : 2
63,66 : 3
63,67 : 4
63,68 : 2
63,69 : 3
63,70 : 4
63,71 : 5
63,72 : 6
63,73 : 4
63,74 : 5
63,75 : 6
63,76 : 7
63,77 : 8
63,78 : 9
63,79 : 10
63,80 : 8
63,81 : 9
63,82 : 10
63,83 : 11
63,84 : 12
63,85 : 13
63,86 : 11
63,87 : 12
63,88 : 10
63,89 : 11
63,90 : 9
63,91 : 7
63,92 : 8
63,93 : 6
63,94 : 7
63,95 : 5
63,96 : 6
63,97 : 4
63,98 : 2
63,99 : 0
63,100 : 1
64,65 : 1
64,66 : 2
64,67 : 3
64,68 : 1
64,69 : 2
64,70 : 3
64,71 : 4
64,72 : 5
64,73 : 3
64,74 : 4
64,75 : 5
64,76 : 6
64,77 : 7
64,78 : 8
64,79 : 9
64,80 : 7
64,81 : 8
64,82 : 9
64,83 : 10
64,84 : 11
64,85 : 12
64,86 : 10
64,87 : 11
64,88 : 9
64,89 : 10
64,90 : 8
64,91 : 6
64,92 : 7
64,93 : 5
64,94 : 6
64,95 : 4
64,96 : 5
64,97 : 3
64,98 : 1
64,99 : 2
64,100 : 3
65,66 : 1
65,67 : 2
65,68 : 0
65,69 : 1
65,70 : 2
65,71 : 3
65,72 : 4
65,73 : 2
65,74 : 3
65,75 : 4
65,76 : 5
65,77 : 6
65,78 : 7
65,79 : 8
65,80 : 6
65,81 : 7
65,82 : 8
65,83 : 9
65,84 : 10
65,85 : 11
65,86 : 9
65,87 : 10
65,88 : 8
65,89 : 9
65,90 : 7
65,91 : 5
65,92 : 6
65,93 : 4
65,94 : 5
65,95 : 3
65,96 : 4
65,97 : 2
65,98 : 0
65,99 : 1
65,100 : 2
66,67 : 1
66,68 : 2
66,69 : 3
66,70 : 4
66,71 : 5
66,72 : 6
66,73 : 4
66,74 : 5
66,75 : 6
66,76 : 7
66,77 : 8
66,78 : 9
66,79 : 10
66,80 : 8
66,81 : 9
66,82 : 10
66,83 : 11
66,84 : 12
66,85 : 13
66,86 : 11
66,87 : 12
66,88 : 10
66,89 : 11
66,90 : 9
66,91 : 7
66,92 : 8
66,93 : 6
66,94 : 7
66,95 : 5
66,96 : 6
66,97 : 4
66,98 : 2
66,99 : 3
66,100 : 4
67,68 : 1
67,69 : 2
67,70 : 3
67,71 : 4
67,72 : 5
67,73 : 3
67,74 : 4
67,75 : 5
67,76 : 6
67,77 : 7
67,78 : 8
67,79 : 9
67,80 : 7
67,81 : 8
67,82 : 9
67,83 : 10
67,84 : 11
67,85 : 12
67,86 : 10
67,87 : 11
67,88 : 9
67,89 : 10
67,90 : 8
67,91 : 6
67,92 : 7
67,93 : 5
67,94 : 6
67,95 : 4
67,96 : 5
67,97 : 3
67,98 : 1
67,99 : 2
67,100 : 3
68,69 : 1
68,70 : 2
68,71 : 3
68,72 : 4
68,73 : 2
68,74 : 3
68,75 : 4
68,76 : 5
68,77 : 6
68,78 : 7
68,79 : 8
68,80 : 6
68,81 : 7
68,82 : 8
68,83 : 9
68,84 : 10
68,85 : 11
68,86 : 9
68,87 : 10
68,88 : 8
68,89 : 9
68,90 : 7
68,91 : 5
68,92 : 6
68,93 : 4
68,94 : 5
68,95 : 3
68,96 : 4
68,97 : 2
68,98 : 0
68,99 : 1
68,100 : 2
69,70 : 1
69,71 : 2
69,72 : 3
69,73 : 1
69,74 : 2
69,75 : 3
69,76 : 4
69,77 : 5
69,78 : 6
69,79 : 7
69,80 : 5
69,81 : 6
69,82 : 7
69,83 : 8
69,84 : 9
69,85 : 10
69,86 : 8
69,87 : 9
69,88 : 7
69,89 : 8
69,90 : 6
69,91 : 4
69,92 : 5
69,93 : 3
69,94 : 4
69,95 : 2
69,96 : 3
69,97 : 1
69,98 : 2
69,99 : 3
69,100 : 4
70,71 : 1
70,72 : 2
70,73 : 0
70,74 : 1
70,75 : 2
70,76 : 3
70,77 : 4
70,78 : 5
70,79 : 6
70,80 : 4
70,81 : 5
70,82 : 6
70,83 : 7
70,84 : 8
70,85 : 9
70,86 : 7
70,87 : 8
70,88 : 6
70,89 : 7
70,90 : 5
70,91 : 3
70,92 : 4
70,93 : 2
70,94 : 3
70,95 : 1
70,96 : 2
70,97 : 0
70,98 : 1
70,99 : 2
70,100 : 3
71,72 : 1
71,73 : 2
71,74 : 3
71,75 : 4
71,76 : 5
71,77 : 6
71,78 : 7
71,79 : 8
71,80 : 6
71,81 : 7
71,82 : 8
71,83 : 9
71,84 : 10
71,85 : 11
71,86 : 9
71,87 : 10
71,88 : 8
71,89 : 9
71,90 : 7
71,91 : 5
71,92 : 6
71,93 : 4
71,94 : 5
71,95 : 3
71,96 : 4
71,97 : 2
71,98 : 3
71,99 : 4
71,100 : 5
72,73 : 1
72,74 : 2
72,75 : 3
72,76 : 4
72,77 : 5
72,78 : 6
72,79 : 7
72,80 : 5
72,81 : 6
72,82 : 7
72,83 : 8
72,84 : 9
72,85 : 10
72,86 : 8
72,87 : 9
72,88 : 7
72,89 : 8
72,90 : 6
72,91 : 4
72,92 : 5
72,93 : 3
72,94 : 4
72,95 : 2
72,96 : 3
72,97 : 1
72,98 : 2
72,99 : 3
72,100 : 4
73,74 : 1
73,75 : 2
73,76 : 3
73,77 : 4
73,78 : 5
73,79 : 6
73,80 : 4
73,81 : 5
73,82 : 6
73,83 : 7
73,84 : 8
73,85 : 9
73,86 : 7
73,87 : 8
73,88 : 6
73,89 : 7
73,90 : 5
73,91 : 3
73,92 : 4
73,93 : 2
73,94 : 3
73,95 : 1
73,96 : 2
73,97 : 0
73,98 : 1
73,99 : 2
73,100 : 3
74,75 : 1
74,76 : 2
74,77 : 3
74,78 : 4
74,79 : 5
74,80 : 3
74,81 : 4
74,82 : 5
74,83 : 6
74,84 : 7
74,85 : 8
74,86 : 6
74,87 : 7
74,88 : 5
74,89 : 6
74,90 : 4
74,91 : 2
74,92 : 3
74,93 : 1
74,94 : 2
74,95 : 0
74,96 : 1
74,97 : 2
74,98 : 3
74,99 : 4
74,100 : 5
75,76 : 1
75,77 : 2
75,78 : 3
75,79 : 4
75,80 : 2
75,81 : 3
75,82 : 4
75,83 : 5
75,84 : 6
75,85 : 7
75,86 : 5
75,87 : 6
75,88 : 4
75,89 : 5
75,90 : 3
75,91 : 1
75,92 : 2
75,93 : 0
75,94 : 1
75,95 : 2
75,96 : 3
75,97 : 4
75,98 : 5
75,99 : 6
75,100 : 7
76,77 : 1
76,78 : 2
76,79 : 3
76,80 : 1
76,81 : 2
76,82 : 3
76,83 : 4
76,84 : 5
76,85 : 6
76,86 : 4
76,87 : 5
76,88 : 3
76,89 : 4
76,90 : 2
76,91 : 0
76,92 : 1
76,93 : 2
76,94 : 3
76,95 : 4
76,96 : 5
76,97 : 6
76,98 : 7
76,99 : 8
76,100 : 9
77,78 : 1
77,79 : 2
77,80 : 0
77,81 : 1
77,82 : 2
77,83 : 3
77,84 : 4
77,85 : 5
77,86 : 3
77,87 : 4
77,88 : 2
77,89 : 3
77,90 : 1
77,91 : 2
77,92 : 3
77,93 : 4
77,94 : 5
77,95 : 6
77,96 : 7
77,97 : 8
77,98 : 9
77,99 : 10
77,100 : 11
78,79 : 1
78,80 : 2
78,81 : 3
78,82 : 4
78,83 : 5
78,84 : 6
78,85 : 7
78,86 : 5
78,87 : 6
78,88 : 4
78,89 : 5
78,90 : 3
78,91 : 4
78,92 : 5
78,93 : 6
78,94 : 7
78,95 : 8
78,96 : 9
78,97 : 10
78,98 : 11
78,99 : 12
78,100 : 13
79,80 : 1
79,81 : 2
79,82 : 3
79,83 : 4
79,84 : 5
79,85 : 6
79,86 : 4
79,87 : 5
79,88 : 3
79,89 : 4
79,90 : 2
79,91 : 3
79,92 : 4
79,93 : 5
79,94 : 6
79,95 : 7
79,96 : 8
79,97 : 9
79,98 : 10
79,99 : 11
79,100 : 12
80,81 : 1
80,82 : 2
80,83 : 3
80,84 : 4
80,85 : 5
80,86 : 3
80,87 : 4
80,88 : 2
80,89 : 3
80,90 : 1
80,91 : 2
80,92 : 3
80,93 : 4
80,94 : 5
80,95 : 6
80,96 : 7
80,97 : 8
80,98 : 9
80,99 : 10
80,100 : 11
81,82 : 1
81,83 : 2
81,84 : 3
81,85 : 4
81,86 : 2
81,87 : 3
81,88 : 1
81,89 : 2
81,90 : 0
81,91 : 1
81,92 : 2
81,93 : 3
81,94 : 4
81,95 : 5
81,96 : 6
81,97 : 7
81,98 : 8
81,99 : 9
81,100 : 10
82,83 : 1
82,84 : 2
82,85 : 3
82,86 : 1
82,87 : 2
82,88 : 0
82,89 : 1
82,90 : 2
82,91 : 3
82,92 : 4
82,93 : 5
82,94 : 6
82,95 : 7
82,96 : 8
82,97 : 9
82,98 : 10
82,99 : 11
82,100 : 12
83,84 : 1
83,85 : 2
83,86 : 0
83,87 : 1
83,88 : 2
83,89 : 3
83,90 : 4
83,91 : 5
83,92 : 6
83,93 : 7
83,94 : 8
83,95 : 9
83,96 : 10
83,97 : 11
83,98 : 12
83,99 : 13
83,100 : 14
84,85 : 1
84,86 : 2
84,87 : 3
84,88 : 4
84,89 : 5
84,90 : 6
84,91 : 7
84,92 : 8
84,93 : 9
84,94 : 10
84,95 : 11
84,96 : 12
84,97 : 13
84,98 : 14
84,99 : 15
84,100 : 16
85,86 : 1
85,87 : 2
85,88 : 3
85,89 : 4
85,90 : 5
85,91 : 6
85,92 : 7
85,93 : 8
85,94 : 9
85,95 : 10
85,96 : 11
85,97 : 12
85,98 : 13
85,99 : 14
85,100 : 15
86,87 : 1
86,88 : 2
86,89 : 3
86,90 : 4
86,91 : 5
86,92 : 6
86,93 : 7
86,94 : 8
86,95 : 9
86,96 : 10
86,97 : 11
86,98 : 12
86,99 : 13
86,100 : 14
87,88 : 1
87,89 : 2
87,90 : 3
87,91 : 4
87,92 : 5
87,93 : 6
87,94 : 7
87,95 : 8
87,96 : 9
87,97 : 10
87,98 : 11
87,99 : 12
87,100 : 13
88,89 : 1
88,90 : 2
88,91 : 3
88,92 : 4
88,93 : 5
88,94 : 6
88,95 : 7
88,96 : 8
88,97 : 9
88,98 : 10
88,99 : 11
88,100 : 12
89,90 : 1
89,91 : 2
89,92 : 3
89,93 : 4
89,94 : 5
89,95 : 6
89,96 : 7
89,97 : 8
89,98 : 9
89,99 : 10
89,100 : 11
90,91 : 1
90,92 : 2
90,93 : 3
90,94 : 4
90,95 : 5
90,96 : 6
90,97 : 7
90,98 : 8
90,99 : 9
90,100 : 10
91,92 : 1
91,93 : 2
91,94 : 3
91,95 : 4
91,96 : 5
91,97 : 6
91,98 : 7
91,99 : 8
91,100 : 9
92,93 : 1
92,94 : 2
92,95 : 3
92,96 : 4
92,97 : 5
92,98 : 6
92,99 : 7
92,100 : 8
93,94 : 1
93,95 : 2
93,96 : 3
93,97 : 4
93,98 : 5
93,99 : 6
93,100 : 7
94,95 : 1
94,96 : 2
94,97 : 3
94,98 : 4
94,99 : 5
94,100 : 6
95,96 : 1
95,97 : 2
95,98 : 3
95,99 : 4
95,100 : 5
96,97 : 1
96,98 : 2
96,99 : 3
96,100 : 4
97,98 : 1
97,99 : 2
97,100 : 3
98,99 : 1
98,100 : 2
99,100 : 1
Case #2: 1
