10000000
11100001
00100000
11111110
00001110
00000111
00000010
10000011
============
1,0
1,2
1,7
10000000
11100011
00100000
11111110
00001110
00000111
00000010
10000011
============
10000000
11100011
00100000
11111110
00001110
00000111
00000010
10000011
============
3,0
3,1
3,2
3,4
3,5
3,6
3,7
10000000
11100011
00100000
11111111
00001110
00000111
00000010
10000011
============
4,5
4,6
4,7
10000000
11100011
00100000
11111111
10001111
00000111
00000010
10000011
============
5,6
5,7
10000000
11100011
00100000
11111111
10001111
10000111
00000010
10000011
============
10000000
11100011
00100000
11111111
10001111
10000111
00000010
10000011
============
7,0
7,6
10000000
11100011
00100000
11111111
10001111
10000111
00000010
10000011
============
10000000
11100011
00100000
11111111
10001111
10000111
00000010
10000011
============
1,0
1,2
1,6
1,7
10000000
11100011
00100000
11111111
10001111
10000111
00000010
10000011
============
10000000
11100011
00100000
11111111
10001111
10000111
00000010
10000011
============
3,0
3,1
3,2
3,4
3,5
3,6
3,7
10000000
11100011
00100000
11111111
10001111
10000111
00000010
10000011
============
4,0
4,5
4,6
4,7
10000000
11100011
00100000
11111111
10001111
10000111
00000010
10000011
============
5,0
5,6
5,7
10000000
11100011
00100000
11111111
10001111
10000111
00000010
10000011
============
10000000
11100011
00100000
11111111
10001111
10000111
00000010
10000011
============
7,0
7,6
10000000
11100011
00100000
11111111
10001111
10000111
00000010
10000011
============
10000000
11100011
00100000
11111111
10001111
10000111
00000010
10000011
============
1,0
1,2
1,6
1,7
10000000
11100011
00100000
11111111
10001111
10000111
00000010
10000011
============
10000000
11100011
00100000
11111111
10001111
10000111
00000010
10000011
============
3,0
3,1
3,2
3,4
3,5
3,6
3,7
10000000
11100011
00100000
11111111
10001111
10000111
00000010
10000011
============
4,0
4,5
4,6
4,7
10000000
11100011
00100000
11111111
10001111
10000111
00000010
10000011
============
5,0
5,6
5,7
10000000
11100011
00100000
11111111
10001111
10000111
00000010
10000011
============
10000000
11100011
00100000
11111111
10001111
10000111
00000010
10000011
============
7,0
7,6
10000000
11100011
00100000
11111111
10001111
10000111
00000010
10000011
============
10000000
11100011
00100000
11111111
10001111
10000111
00000010
10000011
============
1,0
1,2
1,6
1,7
10000000
11100011
00100000
11111111
10001111
10000111
00000010
10000011
============
10000000
11100011
00100000
11111111
10001111
10000111
00000010
10000011
============
3,0
3,1
3,2
3,4
3,5
3,6
3,7
10000000
11100011
00100000
11111111
10001111
10000111
00000010
10000011
============
4,0
4,5
4,6
4,7
10000000
11100011
00100000
11111111
10001111
10000111
00000010
10000011
============
5,0
5,6
5,7
10000000
11100011
00100000
11111111
10001111
10000111
00000010
10000011
============
10000000
11100011
00100000
11111111
10001111
10000111
00000010
10000011
============
7,0
7,6
10000000
11100011
00100000
11111111
10001111
10000111
00000010
10000011
============
10000000
11100011
00100000
11111111
10001111
10000111
00000010
10000011
============
1,0
1,2
1,6
1,7
10000000
11100011
00100000
11111111
10001111
10000111
00000010
10000011
============
10000000
11100011
00100000
11111111
10001111
10000111
00000010
10000011
============
3,0
3,1
3,2
3,4
3,5
3,6
3,7
10000000
11100011
00100000
11111111
10001111
10000111
00000010
10000011
============
4,0
4,5
4,6
4,7
10000000
11100011
00100000
11111111
10001111
10000111
00000010
10000011
============
5,0
5,6
5,7
10000000
11100011
00100000
11111111
10001111
10000111
00000010
10000011
============
10000000
11100011
00100000
11111111
10001111
10000111
00000010
10000011
============
7,0
7,6
10000000
11100011
00100000
11111111
10001111
10000111
00000010
10000011
============
10000000
11100011
00100000
11111111
10001111
10000111
00000010
10000011
============
1,0
1,2
1,6
1,7
10000000
11100011
00100000
11111111
10001111
10000111
00000010
10000011
============
10000000
11100011
00100000
11111111
10001111
10000111
00000010
10000011
============
3,0
3,1
3,2
3,4
3,5
3,6
3,7
10000000
11100011
00100000
11111111
10001111
10000111
00000010
10000011
============
4,0
4,5
4,6
4,7
10000000
11100011
00100000
11111111
10001111
10000111
00000010
10000011
============
5,0
5,6
5,7
10000000
11100011
00100000
11111111
10001111
10000111
00000010
10000011
============
10000000
11100011
00100000
11111111
10001111
10000111
00000010
10000011
============
7,0
7,6
10000000
11100011
00100000
11111111
10001111
10000111
00000010
10000011
============
10000000
11100011
00100000
11111111
10001111
10000111
00000010
10000011
============
1,0
1,2
1,6
1,7
10000000
11100011
00100000
11111111
10001111
10000111
00000010
10000011
============
10000000
11100011
00100000
11111111
10001111
10000111
00000010
10000011
============
3,0
3,1
3,2
3,4
3,5
3,6
3,7
10000000
11100011
00100000
11111111
10001111
10000111
00000010
10000011
============
4,0
4,5
4,6
4,7
10000000
11100011
00100000
11111111
10001111
10000111
00000010
10000011
============
5,0
5,6
5,7
10000000
11100011
00100000
11111111
10001111
10000111
00000010
10000011
============
10000000
11100011
00100000
11111111
10001111
10000111
00000010
10000011
============
7,0
7,6
10000000
11100011
00100000
11111111
10001111
10000111
00000010
10000011
============
10000000
11100011
00100000
11111111
10001111
10000111
00000010
10000011
============
1,0
1,2
1,6
1,7
10000000
11100011
00100000
11111111
10001111
10000111
00000010
10000011
============
10000000
11100011
00100000
11111111
10001111
10000111
00000010
10000011
============
3,0
3,1
3,2
3,4
3,5
3,6
3,7
10000000
11100011
00100000
11111111
10001111
10000111
00000010
10000011
============
4,0
4,5
4,6
4,7
10000000
11100011
00100000
11111111
10001111
10000111
00000010
10000011
============
5,0
5,6
5,7
10000000
11100011
00100000
11111111
10001111
10000111
00000010
10000011
============
10000000
11100011
00100000
11111111
10001111
10000111
00000010
10000011
============
7,0
7,6
10000000
11100011
00100000
11111111
10001111
10000111
00000010
10000011
============
10000000
11100011
00100000
11111111
10001111
10000111
00000010
10000011
2
4
8
